日期,topic0,topic1,topic2,topic3,topic4,topic5,topic6,topic7,topic8,topic9,topic10,topic11,topic12,topic13,topic14,topic15,topic16,topic17,topic18,topic19
20210301,0.0873812094600211,0.018259062095635745,0.043715085674540105,0.0232710624060004,0.03780713694014407,0.02516611203338161,0.0313879359341512,0.020497862706303004,0.08302536275561967,0.041194051607348826,0.06566744547645066,0.021849315293355508,0.03668917381817173,0.08242347680335398,0.014391293691268238,0.05989311022409465,0.15486030813872476,0.03406668836150867,0.08530754717339001,0.033146759406536226
20210302,0.08703029492400467,0.018401511314953142,0.043563244673810606,0.023713932721503843,0.03748838624751109,0.02536264910426181,0.031277077718859625,0.02045656703319695,0.08356748548360095,0.04182626785582479,0.06574118733924389,0.02182288868504936,0.03594121999044792,0.07928669673703427,0.014597365645289398,0.05906333774709802,0.15867994991107615,0.035110034683581426,0.08508261465008274,0.03198728753356953
20210303,0.08800341622696521,0.018364698783357496,0.04329332767334458,0.023833812935177442,0.03778815084647146,0.0244965703240864,0.03188041757065139,0.02041970689045877,0.08299384543842309,0.04180695632025468,0.0661273020430245,0.02210909960739381,0.03631025686419409,0.07939265333370363,0.014780100706795132,0.05884563023500995,0.15891821499967052,0.03455050208218692,0.08430137945453205,0.03178395766429898
20210304,0.08912500894474124,0.01819799117884196,0.043110938891563685,0.023972085610280632,0.03767559766827752,0.02787025807772266,0.031696584768918415,0.020435841794052327,0.08443251490269119,0.04152373500410378,0.06799757667020817,0.021942228082961597,0.035579596304775515,0.07777352011833534,0.015046694160701243,0.05926485947363646,0.15854979526088067,0.034322311604234684,0.08049380846470433,0.030989053018368524
20210305,0.08872814704812218,0.017890902783243408,0.04275969480281901,0.020504954449095333,0.037848333663782735,0.027004350166033773,0.03123804986869176,0.01979688909992004,0.08949559784177934,0.04097200707062259,0.06747837094557788,0.021859518618414054,0.035835264540012415,0.07801699363456407,0.015142649992868582,0.05960183822444622,0.15761831378513216,0.03440736151788937,0.08244790883429126,0.031352853112693965
20210306,0.09242053046838704,0.01768838160847836,0.04205211058806488,0.02117979633675684,0.038657024725606816,0.0290340701931326,0.029423753269759087,0.02054050610130961,0.0971712765054564,0.031721820120806536,0.07284664916558163,0.021236801358757242,0.03675132467256633,0.07615582678605816,0.015531314930173854,0.05718584525609796,0.15561835041537667,0.03418774765500368,0.08166898955230359,0.028927880290322533
20210307,0.0926335227335504,0.01803224240085032,0.04210029424837724,0.023160710679484726,0.03895320865499043,0.025885288323137787,0.029706759741777437,0.02044626572052153,0.09605121194095294,0.02952264087751315,0.07157779329399958,0.02123536411324286,0.03868227907738751,0.07591595703079555,0.01563140494580137,0.05389755893478504,0.15868101415393768,0.0343681333372567,0.08500101413319748,0.02851733565844044
20210308,0.08885602218331369,0.01816638633484809,0.042390795585283324,0.023828189482744167,0.03784046901627113,0.024499351891048283,0.03149653219480012,0.02034477736624556,0.08468486197433563,0.04036070515531656,0.0679351132409207,0.021296471663951287,0.04034937708237027,0.07628032487614912,0.01535856832801079,0.05651833542331655,0.1623623618242988,0.0337551932827325,0.08243712021423995,0.03123904287980352
20210309,0.08948171165434307,0.01830034009195089,0.04294465185884711,0.024260976690675805,0.03824705155423852,0.02360140915175968,0.03155203521991323,0.020444182624067442,0.08501638914992128,0.04165002940931064,0.06746756670923001,0.021645208915881325,0.037297788379443135,0.07657291893294157,0.015044535823654075,0.05807242197673189,0.16137909698067418,0.03408705641753089,0.08189821478533232,0.03103641367355298
20210310,0.08981614959670582,0.018136611672119583,0.04296621313987,0.024360143231779777,0.038141644611819146,0.023813674708309703,0.031646517318711084,0.020377570271191896,0.08497902789057002,0.04135385113290642,0.06720629712931141,0.0216961707863215,0.037258166962039714,0.07706268900112916,0.01491086358815527,0.05879436524741635,0.1604888990947051,0.033994074835283286,0.08080638671207747,0.03219068306957728
20210311,0.0899827301593759,0.018157260005548327,0.04315460131958118,0.02489264298547414,0.03840850608932445,0.023337132386300728,0.03142540958527305,0.020454179056564614,0.08596527566268793,0.041351973766252256,0.06735279036926589,0.02180348506166873,0.03728150832682983,0.07663997841274417,0.015046358439255404,0.05811384753329329,0.16108723592727825,0.034179239700804984,0.08091591125582807,0.030449933956648814
20210312,0.0889533004725367,0.017754962842381906,0.04310129584292003,0.02115415781486931,0.03882356261383466,0.022354456948794132,0.0313608597135164,0.019787361044739302,0.09063295722040933,0.04079179723486182,0.06839771079870732,0.021659330804086517,0.037511191298154486,0.07583190197273898,0.015030431762414875,0.058729384023498185,0.15990176429398967,0.033889055267371064,0.08445989255900913,0.029874625471166164
20210313,0.09155124126836099,0.017402104327621366,0.04244959221709757,0.02145369441048461,0.0395241155522592,0.023036458475468403,0.029423826940145392,0.02025516339219448,0.09597575492715904,0.03099378452782523,0.07159299745499997,0.021184514909329745,0.03950598685025174,0.07690599609651133,0.015374678739062238,0.05619878553487721,0.15754353209419902,0.0339380165419661,0.08798606740964376,0.027703688330542653
20210314,0.09249691977948853,0.017710269664758246,0.04238491222232379,0.023771013120642896,0.039354350565846435,0.02193822179541585,0.028826165102885708,0.020331621527032512,0.09537476828000106,0.02849142023230697,0.07278511247484044,0.021471786558578176,0.044282987915687855,0.07594259695465293,0.015437100331841182,0.05350810089002051,0.1563807486136128,0.033842563753732784,0.08846875437673027,0.027200585839601187
20210315,0.08946061142572131,0.018193033816239792,0.04307094871056087,0.0250274631308256,0.03817399011677373,0.022387948315911944,0.031338468675250884,0.02060742630149371,0.08501055889010779,0.040133859402737206,0.06676901983425898,0.021323476901211908,0.03992190720274589,0.07645051061816052,0.015245914836075116,0.0572572797442083,0.160624635951732,0.03383211899658322,0.08241237637625863,0.03275845075314265
20210316,0.08952523319320382,0.01803977123673872,0.0432369562444994,0.024814084851152052,0.03824456233661947,0.02167968181146112,0.03155778828060636,0.020563231247468613,0.08526916740507744,0.04065512999329847,0.06739400765799503,0.0213732633015492,0.03843731233336098,0.07756205841938353,0.015318285837478247,0.057588252096913116,0.160813153101947,0.03440494670764604,0.08218110335438315,0.0313420105892185
20210317,0.09010474174536746,0.018058653369677474,0.04331880568633149,0.024828626824953338,0.0383630477847141,0.021919155126616817,0.031721979996394485,0.020715905802763782,0.08575094257068896,0.04030092551098048,0.06761166115083453,0.021557869991577352,0.03845823195489935,0.07764210496537476,0.015493399176494409,0.05733936103583945,0.16124216260738256,0.033963871057201674,0.08157073949379186,0.03003781414811578
20210318,0.08954311081093698,0.017807325339680852,0.043577702541938,0.02506766635889536,0.03844617983298944,0.022448592342288208,0.031646007608040955,0.020459733541789864,0.08576274588840355,0.04015142256495174,0.06806772429671633,0.021626379029387004,0.038268113325835434,0.07689284420282007,0.015713726680271666,0.057201610435195824,0.16102431625809194,0.034055658972750806,0.08247632073491014,0.029762819234105963
20210319,0.08826847281729427,0.017507609942212173,0.043931439896230134,0.021450847509604225,0.038633432081562114,0.02258215730084104,0.03133731707259097,0.01985465874165701,0.08967527925162759,0.03954161434093356,0.06863897323086156,0.021157979412445592,0.03801069738292233,0.0768326233324051,0.015635129137203895,0.057512899322899824,0.16060555803543974,0.034170469619923184,0.08447291060117998,0.03017993097016561
20210320,0.09001061603969493,0.01713439606032966,0.043398588299679214,0.021620396813022996,0.039065084131946315,0.022956803473804417,0.02958008166686505,0.02031041539182191,0.09554772320705224,0.02994196389461045,0.07206526456681069,0.020936869742545456,0.03880997275149544,0.07734710705651696,0.01600429259605515,0.0554208478104547,0.159320679239172,0.033971384723847094,0.08751845854963478,0.029039053984640524
20210321,0.09362762268701737,0.017509005275223314,0.042911923229725264,0.02404865693883886,0.03903468872237703,0.028693546225073207,0.02908528320379845,0.02041445991245877,0.09583585928744404,0.02759705998155861,0.07351050470200776,0.021063424731222247,0.03808641499174409,0.07695806830412402,0.016384646322185,0.05274150712914713,0.1571457316541506,0.034335827316004576,0.08350071267740374,0.027515056708495817
20210322,0.08954136067826803,0.017909499637307362,0.044576034557473394,0.02501461590407312,0.03789400518521718,0.0254527470730249,0.0318061829765783,0.020610387700962168,0.08571191387083522,0.039061616801073056,0.06729062193325759,0.021310307396069064,0.036770964849425325,0.07783971992048859,0.01594203352360309,0.056212389464662615,0.16294223552743695,0.03464604291856953,0.08011225766871959,0.029355062412955026
20210323,0.09011306803508802,0.017864319648803074,0.044426206266164704,0.02486976438474988,0.03809628154022559,0.024835715559472216,0.03173160780073149,0.02052242136933469,0.08650258751860031,0.03968327541115135,0.06716666807863034,0.02148473311360941,0.036548291045227034,0.07724248930957556,0.015906635639011842,0.056859415087386914,0.16273539502157958,0.03528726146543861,0.07883962966141565,0.0292842340438038
20210324,0.08970510748266282,0.01783855076693406,0.04456026000066224,0.024657046166148867,0.03812406670020355,0.024229440993638742,0.0318584175823452,0.02033758609756579,0.08642528008171266,0.039721022006798085,0.06706554595223742,0.021477232405243844,0.03735210100413602,0.07822441501359506,0.01594987644648965,0.056646538212708486,0.16282250897553732,0.034838868927421905,0.07904736115193214,0.02911877403202628
20210325,0.08938235763901681,0.017845023534730886,0.044712528701955516,0.02457594867560853,0.038282354569875436,0.02284167941583284,0.03190351135038025,0.020357545460570343,0.08633212028210258,0.03964997455659147,0.06781839230651229,0.021429629868087413,0.03761718846295761,0.0784466225163058,0.01594120254502754,0.05709918045789175,0.16136090748355866,0.0346581366785931,0.07930877380340733,0.030436921690993837
20210326,0.0882043325484421,0.017442799628039615,0.04441434167131187,0.02140974230987389,0.038586749254349226,0.022315609009319316,0.031651910637073816,0.019921594685401996,0.08991660738389616,0.039226273792630766,0.068669147699781,0.021199899457546616,0.03807793676903454,0.07776942195090282,0.016012008589343353,0.05751742044331516,0.16062569345344102,0.03491849565595505,0.08268448960554907,0.02943552545479268
20210327,0.09056582345412988,0.017101670298447242,0.04373656196632705,0.021638492489911933,0.03933750581809611,0.02222622822694856,0.029919405621681532,0.020352274084061837,0.09658979696960647,0.02978903313885875,0.07146127288435182,0.02076839754119491,0.039643565008810416,0.07787792678849363,0.016222438868948526,0.05577611408755552,0.15854507137632326,0.03427126282410769,0.08638323405474943,0.02779392449739531
20210328,0.09275308733771948,0.017498247085728374,0.043666792776103365,0.023749256514235758,0.03933459937052077,0.021560249462108223,0.02944539450940249,0.020289250394451785,0.0964588055008108,0.02756379110007081,0.07154938856866877,0.02095895781076994,0.04047904147658237,0.0785455531503956,0.01627451391923678,0.053729866739667266,0.15790450607596018,0.034653726778389335,0.08573328121981587,0.02785169020936212
20210329,0.08978208337397044,0.01776904611121535,0.04500528320769855,0.024680953753252997,0.038102536751064814,0.02377073686200187,0.03183703884552037,0.020504315510397976,0.08622879020411242,0.038430926109975415,0.06699241632038022,0.021548372822714518,0.038691187577086325,0.07879784744042677,0.015852785364328416,0.05793239353753834,0.15994612311598072,0.034528818022226695,0.08093193535590905,0.028666409714198895
20210330,0.08886539990472253,0.017609098167140572,0.04522250134740044,0.02454334946559006,0.03810033900094575,0.02282822644311916,0.03186194471510787,0.020405995940623447,0.08690081295623771,0.03900997268417278,0.06737747788031011,0.021456170891641174,0.03825313084698436,0.0780586324863424,0.015904637120418837,0.057678193722089585,0.16185049636825202,0.03473968943432998,0.08056357011491823,0.028770360509653
20210331,0.08805714594018249,0.017536176912002613,0.04541995641680459,0.024438752806435343,0.038155837480434635,0.02397657437878205,0.03200729502330666,0.02041473023856352,0.08643691155750302,0.03874924304370656,0.06704603379729865,0.021217921793340217,0.038461623967278716,0.07794602110321969,0.01566898354019616,0.057811452158367076,0.16034805817555628,0.0341490799954436,0.08192981072217484,0.03022839094940319
20210401,0.08678865181545603,0.017359003914716925,0.04582963358778837,0.024291597120781157,0.0377063829399763,0.021959339897044742,0.03216276938291799,0.020201897969220662,0.08425821795447301,0.03882932831875003,0.06712337131619378,0.02105232646013201,0.03794504915848746,0.0806793501670548,0.015631048814022153,0.0580684046592833,0.15927961729548035,0.03360353698635045,0.08534901864890823,0.03188145359296226
20210402,0.08446108233257613,0.016975266634431514,0.04637828367271468,0.021112410307810997,0.03830973743390472,0.02143411124994893,0.031144334581046613,0.019647815829016976,0.08821722103330976,0.037902182993236916,0.06710166640496484,0.02048021492492814,0.03750566182635825,0.07735665696385242,0.015520000788985768,0.056901105324024676,0.1564014839712806,0.033678325390705866,0.09867240961170556,0.03080002872519661
20210403,0.0861608214236374,0.016687875048359013,0.04514334833298535,0.02038847336553852,0.03893511770303313,0.021193904274427817,0.02812480782372764,0.020349174560125152,0.09666259459484307,0.027770842832099445,0.07056432041826012,0.01987539746427076,0.039344230373061666,0.07573163771045252,0.01587285412060025,0.05393071082621402,0.15375477885372352,0.032856218909659465,0.10831436403343206,0.028338527331548964
20210404,0.08937728289305659,0.01701614764838114,0.04428938824170786,0.020488178552391656,0.03907445962731966,0.024087072735398708,0.027037184914621062,0.020155912994330786,0.09990019586373884,0.025228130598413414,0.07235209630039181,0.020236052074047026,0.040958885790142584,0.07493104042601154,0.015921522353008376,0.05262582099229389,0.15686394044251656,0.03394254027180466,0.09830414946391497,0.02720999781650901
20210405,0.0881198786127932,0.017286970018443572,0.045135707739512636,0.02337147024698618,0.039188752014769686,0.023241597974117772,0.028452116218390507,0.02072794134995741,0.09361555831584648,0.027901883656829177,0.069604666578598,0.020079197277873988,0.03883566363095285,0.07672620388176395,0.015829631014391502,0.053008420725540996,0.15621951743515622,0.033934753336119235,0.10076870345587152,0.0279513665160851
20210406,0.08712076196122552,0.017701093952570933,0.045059287615099634,0.02473656914807369,0.0382165402269592,0.022758832612944868,0.03206310953980583,0.020740092221447928,0.08380344434353353,0.03826815995702722,0.06625352509040483,0.02067902388977985,0.03856424673308458,0.07846666516089759,0.015649794435661016,0.05552837196248009,0.16094627664648672,0.03430154774133845,0.0890387737680458,0.0301038829931326
20210407,0.08825583462147177,0.017670558751329543,0.04436684910741948,0.024855658949022832,0.03835614836212334,0.02546617179435397,0.0326652130349386,0.020750032085806717,0.08435958804915128,0.038926873726332134,0.06700251534606856,0.02076374683095636,0.03829706273593875,0.07862965944566105,0.015663105962773673,0.056169559222940674,0.16087498417603147,0.03424374832979668,0.08249550900658631,0.030187180461296814
20210408,0.089055143181121,0.017592448160839266,0.043801228922508616,0.024724876656106724,0.03794263462878895,0.027959028294853867,0.03283093015667173,0.020534730664529405,0.08789334178736784,0.03904006357265077,0.06785544473462232,0.020692044919848974,0.0372288495345849,0.07866547880061332,0.015722197946587257,0.056638161059186426,0.15909698060693608,0.03427287146982682,0.0781957608576283,0.030257784044727367
20210409,0.08754080699143987,0.017408205000529708,0.043777907735226836,0.021714679174483928,0.03807105913611861,0.025854340349544803,0.0323518610337917,0.01984901036939406,0.09168004786701173,0.03873854881220445,0.0678895325220141,0.020531136234895633,0.037415615698687406,0.0775549878714404,0.01585292519261544,0.05660765770676,0.15977183558010474,0.03411200941197785,0.08215515356868773,0.031122679743071095
20210410,0.08923597794612803,0.017102624114180155,0.04318224671231862,0.02198765557465183,0.03896520339430391,0.02301487602611757,0.030748338376007982,0.02037074864523525,0.09632909491086247,0.029727741487159186,0.07117678222783108,0.02013538854892582,0.038923829063989376,0.07752376294828328,0.016380466788482928,0.05518043937818492,0.1600203496598963,0.03431870346930957,0.08652120595087798,0.029154564777253675
20210411,0.0916626456033474,0.01741087034800311,0.04295308882091329,0.0243966192338078,0.03922573650983626,0.02249226394412955,0.030150161306141773,0.02051609433278757,0.09650863395710464,0.027712448983624918,0.07237328865887549,0.020344444084668914,0.03976332305867026,0.07811246671414124,0.016520468387139824,0.052837650763185535,0.15996853287014492,0.0345425783274966,0.08463449022315878,0.027874193872822226
20210412,0.08819428546360901,0.017913354957377624,0.044001021549032834,0.02524565799093077,0.0381827053854127,0.022331260657628228,0.03228892752669665,0.02079795084385144,0.08655774300081316,0.03889680661651693,0.06772257016879625,0.02075938977954572,0.03864710087588248,0.07771511105581859,0.01610449271297416,0.055855385652438035,0.16356294753865327,0.0344035869513405,0.08095312443837233,0.029866576834309294
20210413,0.08733709639867338,0.017750762737042496,0.0440977614397323,0.02501076918931297,0.038404354031734166,0.02285559955665264,0.03273953451040143,0.020983458168751454,0.08640558131956727,0.039201307161241,0.06766064141054016,0.020621677632630637,0.03847995322894562,0.07698676682095032,0.016028215059398804,0.056478870992943415,0.16375776316193674,0.03483106993750263,0.0807313924236981,0.02963742481834453
20210414,0.08705907117717449,0.017631702233399,0.04415409416229906,0.02492362934955001,0.03795889781712468,0.025350877084185243,0.03242195852318324,0.020864221559620044,0.08700171546844147,0.039179652495562295,0.06747808150316591,0.02066149038147145,0.03809088622250005,0.07902345176141902,0.01612935440844686,0.05653884885392401,0.16136470117535345,0.03457357178957623,0.08000135208427006,0.029592441949333324
20210415,0.0865857235762563,0.017465325073025333,0.04462631997921744,0.025148804111246342,0.037856052679037584,0.027689577231672768,0.03229903261091762,0.020728495261070956,0.08644553932853143,0.038821123215838665,0.0677768651577988,0.020476549103052896,0.03804473986144685,0.07766653186868455,0.016476239080259747,0.055991211750159885,0.159632403448245,0.033960727448519516,0.07878974776828823,0.03351899144673014
20210416,0.08739446859517147,0.017186348808141724,0.04615939546881732,0.021933509424430998,0.03811759451510073,0.027606705818484158,0.031575456917828724,0.020155458003687832,0.09022200746580453,0.038275603567867036,0.06993859532930875,0.020285849605833798,0.03774409645001255,0.0775050941363617,0.016323127304401032,0.05646848899434341,0.15831552609154265,0.03391631339619592,0.0793551893069133,0.031521170799752384
20210417,0.08852772423254499,0.017020123504280046,0.045974714475662266,0.022008435839437904,0.03886094178218872,0.025331484863246982,0.02986977141503693,0.02053791575121953,0.09580187962140126,0.029337718797855086,0.07266992291816929,0.019876272171281028,0.039352562616575736,0.0777322546742162,0.01691318153164116,0.0550053426498814,0.15949356025201852,0.0340060131571096,0.08357114130485803,0.028109038441375342
20210418,0.09121666897155216,0.01730872953526021,0.045072083159561696,0.024500843349549592,0.039008084697663696,0.024898730497867592,0.03033735406980088,0.020678496353050288,0.094948396130405,0.027510571920893626,0.07334500102751665,0.020103047616408763,0.04039433820445579,0.07676551333677951,0.017092162685304068,0.05246570482269032,0.1587139526580098,0.034116861711554376,0.08387259491985641,0.027650864331819704
20210419,0.08774204689887848,0.01762049444260481,0.04627219555160393,0.025155877853388416,0.038034322888192786,0.02500181137076593,0.03239115752809291,0.02078234513428506,0.08517632298141509,0.03895389090933448,0.06780283520664379,0.02058067297960077,0.039135180438603805,0.07777199436630228,0.01634180450348873,0.05533303196843546,0.16177681115343912,0.03414890602768013,0.08003111676826195,0.02994718102898208
20210420,0.08693784761395516,0.017481593436659598,0.046280550435868185,0.02481929027776681,0.038067388258948495,0.024510180143199285,0.03250971398038585,0.02086410466990036,0.08508930416967142,0.03952317033680613,0.06719760135912496,0.02085328257383278,0.03885614401248055,0.07781157419592531,0.01613863201501847,0.055552820425825725,0.16194908938212893,0.03437144189399214,0.07904333272498704,0.0321429380935228
20210421,0.08696419874019175,0.017473629354069133,0.047152250810896516,0.02505572659958673,0.0381242381813513,0.022684246610116632,0.03247881345744055,0.020802646440184227,0.08526509438056849,0.0392911884186036,0.06800732359522059,0.02057703566956931,0.039047696262523385,0.07817783806819227,0.016251716254341513,0.055515753466891485,0.16212978959479038,0.033887422179393764,0.08049460879916355,0.03061878311690478
20210422,0.0867699827431919,0.017410758848894838,0.04676931438532357,0.025280813060006898,0.03807608842137555,0.021943987569354617,0.0324473635196646,0.0208465118867128,0.08549504070418458,0.03904062527768793,0.06811303348391876,0.020599072786526413,0.03890981062040197,0.0777041167263418,0.016242198138537174,0.05593166051667328,0.16371375875977814,0.03428162248308117,0.08102291939225688,0.029401320676087226
20210423,0.08539626264771076,0.017260270184424782,0.046150939949085465,0.022282781488898704,0.03838212503363305,0.02216751770189011,0.03200867733594663,0.02028721578762934,0.08819530993999143,0.03880966965118858,0.07061579791537509,0.020451418141327296,0.03919896641003656,0.07809800241495117,0.016439108245738018,0.05644572902003345,0.16230941848964936,0.034659570032721014,0.08157464779431192,0.0292665718154571
20210424,0.08818341124726227,0.017002095495160227,0.04524656909726113,0.025224449413246745,0.038734744682384366,0.02340590397927573,0.030040343632050708,0.020917223926675967,0.09264623467052067,0.029561226880515663,0.0720927462441821,0.0202193174619748,0.04063163882062897,0.07770815768391469,0.016846583042709248,0.05456211200417072,0.161823444450667,0.0342686791685138,0.08330008681757374,0.027585031281311637
20210425,0.08991858648416587,0.01761429566305168,0.0459260022346777,0.024844295635234947,0.03808999201435388,0.02709109101853012,0.031668893416686085,0.020889110179369442,0.08693795095677803,0.030014122661026068,0.07170197210599731,0.02052696991361184,0.03932463578749187,0.07844917967877398,0.0168471328916581,0.0544258167721642,0.16185826805577344,0.03468038547364631,0.08030622792817788,0.028885071128831187
20210426,0.08695111748718881,0.017483668833385226,0.046516635759913716,0.02396700367858541,0.0377759954516204,0.026737750050456224,0.03230883233390972,0.02095336321089163,0.08570279244387151,0.038514763553417056,0.06929903384347827,0.020398183886076445,0.03817881129223815,0.0788036066316754,0.016477058377356187,0.05624557958962533,0.16162317066708687,0.034312165874464916,0.07807726166903295,0.029673205365725774
20210427,0.08853915124662808,0.017445363402556195,0.04667410124224746,0.023117953022026586,0.03762235756600277,0.02699757634591104,0.03236788630428387,0.020977995202728316,0.08683154085821178,0.038218996023256416,0.07009342038669228,0.02028617694669726,0.037813471001276334,0.07906653166582077,0.01666739176646673,0.0568161263454843,0.1599054444581692,0.03467214991289822,0.07674584069839141,0.029140525604251087
20210428,0.0879509322364329,0.017348946186402488,0.04724838622468519,0.022451341368815426,0.03748536276674255,0.027750467263373654,0.03213413920551448,0.020626785016010545,0.08794111749586903,0.03839080539541605,0.07026913495741341,0.02032739996088717,0.03737116055344857,0.07866478576735468,0.01674903678652253,0.05719184582737056,0.15979140431249694,0.034163231844781955,0.0764046529206467,0.029739063909814963
20210429,0.08540591614366075,0.017115249645330254,0.04868421429527417,0.022416939003306425,0.03750119410321523,0.0240402965036133,0.03236248543033689,0.02040142462165494,0.08699019084414593,0.03810431044482621,0.06871929464402181,0.019807801889148567,0.03792170094133709,0.07847814843319034,0.016609571052423947,0.05656073623646996,0.1624533859375768,0.034175207533432894,0.08321429523531118,0.029037637061723524
20210430,0.08089228812771726,0.0165451611419336,0.04922917205749075,0.019538530727755368,0.03803406409231861,0.021218817401893363,0.030974198769176682,0.01964900292728962,0.087532484744875,0.0368833177374323,0.0680852246040741,0.01922253598877954,0.03869316151314608,0.07672602156097298,0.01632721725525337,0.0563475844140898,0.1560834331975858,0.03279246741984581,0.1040554539899638,0.031169862328406163
20210501,0.08211609516245626,0.016087958578621355,0.04677927757967967,0.01826037508254693,0.03843010693107532,0.02074812003134051,0.026812560629383256,0.02004758174411276,0.09244685047919056,0.0263511254308964,0.07265465644616922,0.01866484578075636,0.04367615234983615,0.07682192681137838,0.016648718386151198,0.05300938115042056,0.1475161027828513,0.03122018364841721,0.1214270018256785,0.030280979169037887
20210502,0.08760845906373083,0.0165402275636126,0.04614830226220247,0.018823257693053687,0.038484675197482235,0.027215870339469383,0.026403214955040742,0.020498219991872055,0.09684165829891776,0.024637267716848116,0.0764082587252945,0.019126136363757824,0.0418663604557452,0.07660313639127855,0.016893490807315878,0.053118979200316864,0.1522407638952689,0.03244184519695849,0.09987523772897078,0.028224638152863
20210503,0.08807270670220145,0.01680628059557025,0.04615039663632421,0.019415597909252028,0.03857070433937725,0.02786380889911612,0.026788289610163663,0.02048482432097397,0.0973740108060753,0.02538156130351596,0.07516715791868574,0.019363847594086176,0.04014885627917007,0.07795468476690456,0.017093063678319247,0.05361979575797216,0.15727656133799373,0.033446654589982736,0.09099137395377538,0.028029823000540025
20210504,0.08772279468980895,0.016857518702858187,0.04619906537445765,0.020311776896420417,0.03861823785076465,0.027477325909136305,0.02795666023048266,0.0202874216892694,0.09587685439729987,0.026110692347599662,0.07411917070884227,0.01995509424473281,0.03988406436552855,0.07811112062438083,0.017330886917077345,0.0543826277735122,0.1581179985354255,0.034227826438318634,0.08860664835880303,0.02784621394528101
20210505,0.08685738894382196,0.01706750461438292,0.04559195288938121,0.02268415973005769,0.03890311701646106,0.02503894250099179,0.02940164226715487,0.020521612964150168,0.09322889683364613,0.02754352689396161,0.07179216173731254,0.02004069621308264,0.0393894652288087,0.07827691696092746,0.017373035696346382,0.05439903878684159,0.16052780134904976,0.03417583298486656,0.08866980324740993,0.0285165031413452
20210506,0.08597937573155402,0.017495059452783374,0.04503932091639866,0.02423276512115437,0.03789903900273647,0.025449967247491042,0.03212563025875282,0.02054970087755052,0.0848356968350378,0.03840287071907562,0.06890037625059306,0.02027470763877009,0.03861608881134322,0.0787030663269293,0.01694533190422965,0.0563699428089931,0.1625785448087421,0.03387186604713372,0.08139119675213415,0.030339452488596833
20210507,0.0856006834817083,0.017301723596775963,0.044203715200979946,0.024349907996690862,0.03788348713502871,0.02310633081582514,0.032527642139954675,0.02074695841895536,0.0852633380722683,0.03907520268310168,0.06918601959104757,0.02031583723697196,0.03857396508649255,0.07848440635605074,0.01709185192427813,0.057162464216753424,0.1636115125613002,0.0343088276811638,0.08080561917691594,0.03040050662773685
20210508,0.08647733609616005,0.017331442852268644,0.04372430114504208,0.021685172166425383,0.03807128761051399,0.022793886416553097,0.03240840603451032,0.02017454856553274,0.08859446728890369,0.032267963854937826,0.07129389956105829,0.020351088908820703,0.04039093033023805,0.07856252515548864,0.01729148470954851,0.057116780818337924,0.1637178014587991,0.03396390673885046,0.08314905134488211,0.030633718943128337
20210509,0.08741694715299747,0.016923459493788158,0.04204240761282416,0.02364531673099146,0.038152119523931605,0.02468383403506243,0.03024246980280862,0.02098830050954292,0.09313945357065448,0.027350525427940958,0.0749145864151661,0.02003803189542518,0.042354394877076464,0.07746686316773604,0.017411916212145568,0.054045162963666134,0.16181612592842876,0.033377238604072434,0.08458758909676521,0.029403256978975906
20210510,0.0855249708062487,0.01736310899097359,0.04342791316753857,0.02468844979681569,0.03743258067009034,0.02414792820024808,0.03266885479865561,0.0211037510821479,0.08308263762500583,0.03866756958194153,0.06866020729890109,0.020114873653911836,0.039084265228848517,0.0785702756568728,0.016994702897913886,0.056304263823878424,0.16463694751229538,0.03397876670722478,0.08192978475473564,0.031618147745752015
20210511,0.08554100689163545,0.01736303492494969,0.043435159975866215,0.024752129085191955,0.0375020086903273,0.023804702004303676,0.032417621363653726,0.0210401348466138,0.0838712080094561,0.03917106656350279,0.06909555962919138,0.020139469459475447,0.03856178230021067,0.07864779650793899,0.017282994293478057,0.05660168419239541,0.1649728982738166,0.034491743873365295,0.08108055526887051,0.03022744384575703
20210512,0.0860617796489826,0.017381293027138072,0.04347616604968019,0.0248461012102157,0.037557658603168884,0.023662126112011808,0.032505320235306084,0.020951046939219026,0.08415302292913171,0.03927070177474234,0.06923714798247299,0.02014790105962989,0.0386489726795659,0.07887005198054198,0.0173056818114359,0.05683259884433945,0.164513570918619,0.034132292898595096,0.08063507452879205,0.029811490766411233
20210513,0.0855431189263456,0.01726013433043356,0.043622490433369535,0.024934375671306925,0.037434879616528,0.024803589604701158,0.03211323228656847,0.020888455460684026,0.08485613240554067,0.03906237655097188,0.07032038075137502,0.019768175389399942,0.03844785410524881,0.07858812508840576,0.01736503173773826,0.0571210789431971,0.16458949311073942,0.03407572847062474,0.08011540105994161,0.02908994605687953
20210514,0.08459626183540797,0.016983520109573588,0.04340135155890209,0.021772121269969396,0.037688318230197686,0.02526122245980766,0.031790836981736584,0.020358993246546987,0.08770322419789495,0.038938422779816316,0.07051037501773204,0.01960598582071374,0.03803694125810377,0.07775468742219648,0.01738424218938393,0.05836483127912034,0.16261494254443,0.033918875517181764,0.08241108641625686,0.03090375986502789
20210515,0.08649592683330383,0.016619363102190532,0.04290372936864097,0.021544873484744338,0.038221653320105915,0.023056499530363584,0.03037637797824665,0.020659900618647208,0.09267309836854334,0.029736187863262608,0.07335444172413351,0.019304610843299853,0.03959506130641748,0.07807009202365639,0.017873374451714757,0.05707176929056666,0.1613726285254104,0.033810322774013,0.08657745757686593,0.030682631015873162
20210516,0.08844091176401209,0.017047987843129584,0.04266942667656641,0.02385724386475727,0.03835175801886464,0.02369218129070118,0.029889663028140823,0.02101671009336871,0.09237182117719077,0.027717102228560674,0.07447454692798103,0.01940075402196328,0.039877488748302166,0.07757295798275331,0.01807907959128009,0.054511392711390716,0.16214534111194925,0.03403410074866768,0.08630481380203654,0.028544718368383758
20210517,0.0849615483642336,0.017328849471290632,0.04367754863815816,0.024849001822853455,0.03738049204537625,0.025574807728972648,0.03220247265503092,0.02114201697875703,0.08284359155198014,0.03859816580545626,0.06954621368998645,0.0197735814383896,0.038661210435995255,0.07824770048673199,0.01770944587798426,0.057684192771924936,0.16325743527179726,0.03365910780594928,0.08228693488872024,0.03061568227041151
20210518,0.08469436898518974,0.017298429180850994,0.043593514207009965,0.024605251629419612,0.03724074482591702,0.02527325940484449,0.032256344784320816,0.02116535522155101,0.08372601841055571,0.039117305102456285,0.07046754864303108,0.01977442033418602,0.03847512531808128,0.07845904752380947,0.01758845545602053,0.057227888028097175,0.1638056905028513,0.0340286995319708,0.08072945599232371,0.030473076917513005
20210519,0.08475385568119882,0.017222783867908747,0.043917555866300514,0.02469810285122997,0.03735574327066995,0.023299586952343614,0.032319412743445415,0.02108744244960982,0.08343825710227645,0.039001601438617334,0.07103547200772711,0.019807432366458783,0.03881555272030525,0.07861047264116633,0.01761748133310014,0.05695859623120478,0.1644011111634806,0.03369570063695272,0.08146733552462944,0.030496503151374182
20210520,0.08329848208155538,0.016866206012754556,0.04333156521019264,0.024276970264160508,0.03746028517648152,0.022392542955267738,0.03169060171050499,0.020626058441422845,0.08250432014352557,0.03875933163105042,0.07323032934945972,0.019446240620442118,0.040785077993929525,0.07855106606629338,0.017618508853973255,0.056662169841921926,0.1644126900838161,0.032955819693599515,0.08281599798333376,0.03231573588631476
20210521,0.0836479847754422,0.016905959517514387,0.04333691313425294,0.02150245025645101,0.03769138813442106,0.02231896206772069,0.032222081833382904,0.02027330845937039,0.08595242063100487,0.03854796542128948,0.071961046174931,0.019516639745941918,0.03918427392213092,0.07838469702866002,0.018066780022469957,0.0574340480826382,0.16321450194449635,0.03334398741746029,0.08609019222178865,0.030404399208632738
20210522,0.08695638336718357,0.01659423863370215,0.04246899597144055,0.021440688278495733,0.038296512724157,0.021777561704526556,0.030477960922814275,0.020673559463265125,0.09171515929746182,0.02904480112808365,0.07641570002436789,0.018954548538527245,0.039523812652895535,0.07998688020606716,0.018538176785235127,0.056366366903449885,0.16199196125699802,0.03450104731724808,0.08694664238501539,0.02732900243906532
20210523,0.0887138431158995,0.016952407078961382,0.04258563753209636,0.023799927408897803,0.03805997003659403,0.023039718477768742,0.03027744182345678,0.02089639233032675,0.09220130766971556,0.02735211865159953,0.0758693781752801,0.019172014302878453,0.03964077130220482,0.07973827990583618,0.01882388244202757,0.05482321713010878,0.16239908272448866,0.033994523080138075,0.08435959649010838,0.027300490321612837
20210524,0.08595734341112744,0.017175900363789166,0.04330959357418839,0.024550733016301337,0.037206115348564085,0.02504834987669978,0.03365008598702511,0.021131585629979167,0.08258432958416774,0.03838972808865965,0.07020692826058474,0.01970059997260348,0.038211074938831316,0.08002888135531315,0.018260633916213315,0.05736364824223272,0.16255494555329086,0.03360845861913198,0.08210828804372079,0.028952776217575707
20210525,0.08552140031176032,0.01713962274208946,0.04321336441737637,0.02445755818127868,0.03714127055591748,0.0245776143228264,0.03266764368377496,0.020986776256988658,0.08267418464342959,0.039518942874684486,0.0693417694239977,0.01965012291701176,0.03795563943006275,0.08016697539040812,0.018099892473598743,0.05704626121005299,0.16307458450226436,0.0342323345128954,0.08211479220261786,0.030419249946963864
20210526,0.08603928626409839,0.016961142115205982,0.043322386319177925,0.024145541828147297,0.03737212776279696,0.02484586846753355,0.0321242390876357,0.02083440085709271,0.08347030914806093,0.03951351483753506,0.06877382263186943,0.01949526640283733,0.0385374467391361,0.08162059304415101,0.01819563545196859,0.05722244511917113,0.1613966471971673,0.033986121290412265,0.0826469990549619,0.029496206381040575
20210527,0.08458713928825927,0.016789939864525354,0.04295000235868551,0.02441515076482074,0.03689941918966085,0.022714820627177012,0.03243512916474605,0.020724878203273345,0.08222246730622143,0.03927087799141666,0.06869481577683917,0.01940841766396204,0.04034707875363636,0.07885367974475523,0.017867444544425338,0.06331044169144352,0.16108264907611228,0.03382179091988016,0.08445652031650917,0.02914733675365038
20210528,0.08430959654533901,0.016599050697906008,0.04293295911591239,0.02165788210416592,0.03702386404476519,0.02260198644895966,0.03177566381804566,0.02017241099680467,0.08555317470585674,0.03878125783464992,0.06955453938752447,0.0192445456586018,0.038505153160356326,0.07850535287937388,0.017883981620834963,0.06552883546449273,0.16144205409081375,0.03407854232569664,0.08389310379905224,0.029956045300848014
20210529,0.08875560670136053,0.016365390119925244,0.042006082646593564,0.022372771724127237,0.03736638012148125,0.02453049190865791,0.03025978947234572,0.020804637247998633,0.0918519516112907,0.028917806771472026,0.07286323895436378,0.018774788663247718,0.038049202839747234,0.078994570502952,0.01883405469889852,0.06574093344378791,0.15815090288368852,0.033916935027075136,0.08454541313116484,0.02689905152982146
20210530,0.0905997785058123,0.016638832557361517,0.041758629041044784,0.024113228561105482,0.037412901319482716,0.024092113932975088,0.029989165462577495,0.020743910589518282,0.09144903583991074,0.026999609624000418,0.0720056566714624,0.018835308383328368,0.03729174465796426,0.07980164178308134,0.01872536200291736,0.06514677554970086,0.15866941964320655,0.034431714576620115,0.08491588140067761,0.026379289897252182
20210531,0.08705600451700413,0.01659690998031816,0.04223911791900079,0.02448781125083296,0.036405510991119376,0.02540268673927867,0.032377214248776265,0.020501272473623808,0.08258244690938928,0.03759475713295148,0.0679592086699813,0.01845347586707753,0.036927926120171185,0.07987347950080723,0.017966332282273297,0.06792993137383882,0.15799321959316456,0.03363702221584065,0.08437591044769248,0.029639761766858026
20210601,0.08684404764755882,0.016549125834589645,0.04107429007979983,0.023436255653113792,0.03582471350735178,0.02631167765046432,0.031363280715600635,0.020022139070963358,0.08379753760581092,0.03794544135712435,0.07175767910645747,0.018356915676422426,0.03957010689334997,0.08267511005089617,0.017916608352394274,0.06760346036115042,0.15764090978171708,0.033110517408021366,0.07625778279747293,0.031942400449740754
20210602,0.08954234849030475,0.016650221527787598,0.04162561234256911,0.02643612740415669,0.03594877430530481,0.026363206898482237,0.03184882968672435,0.02082361357669158,0.08199014545927487,0.038505532089958064,0.06823752281375421,0.01837665964226598,0.03693884063761727,0.08134155764969841,0.01789209053103974,0.06649602835995327,0.15971715232015174,0.033663244293108435,0.07687163730523995,0.0307308546659171
20210603,0.08920618940692641,0.016736201236093637,0.04151165919073087,0.02694080556460383,0.035992684181828216,0.025641462888821454,0.03209967320898555,0.020904789119435184,0.0823723634681658,0.03888839374840501,0.06787399045379744,0.01836564200274311,0.03678255523212498,0.08108059880861705,0.01806775097226684,0.06583975966850315,0.16049090296324958,0.03361239257846318,0.07717205115758781,0.030420134148650888
20210604,0.08782308318409514,0.016598702088042414,0.041398294747767884,0.02382877854630524,0.03623203265527103,0.025688168902535082,0.031702748365979264,0.020112210894378316,0.0860935131032216,0.03802131551575351,0.06742896470732118,0.01825554709199892,0.03645737033012491,0.07985010084032243,0.018232378215771183,0.06763331096735563,0.1621144730346333,0.033777132054327634,0.07865408380705695,0.03009779094773845
