日期,topic0,topic1,topic2,topic3,topic4,topic5,topic6,topic7,topic8,topic9,topic10,topic11,topic12,topic13,topic14,topic15,topic16,topic17,topic18,topic19
20201101,0.07182918650617788,0.017901351904749608,0.03861883799621536,0.03278260355491471,0.030836010629879645,0.039608468044206764,0.025693229363166425,0.0184483615717496,0.09266411229135396,0.01655542474416058,0.07250778161777012,0.017287595362802246,0.04085698970895762,0.06626642514654135,0.0125969721216493,0.06707684733427204,0.22951423437359544,0.02760239300611072,0.05636807655529525,0.02498509816643141
20201102,0.0726152865175474,0.018935894045525703,0.039873619371769004,0.031695630608468466,0.030108455853386236,0.04140769394074576,0.0276216457287851,0.018544955406296696,0.08042611317260255,0.020336485881325164,0.06790780728034172,0.01771334135598999,0.03909764087284004,0.06760953506507114,0.012623699727160159,0.06734832673134547,0.2369880333970873,0.028455693954267045,0.05474032229833593,0.02594981879110922
20201103,0.07392316539871496,0.018711797888845482,0.03981936601821296,0.031682955148761224,0.030233544436209327,0.041112342862198295,0.027664603070036032,0.018511738047216945,0.08030077221014903,0.02024963674930378,0.06852428684434496,0.01754258917217225,0.03854610712342533,0.06766157566837191,0.012590656397183556,0.06714716624775864,0.2391995163793153,0.028342975008170592,0.05261797370864935,0.02561723162096021
20201104,0.0735106093803282,0.01877380545382095,0.04008392214192029,0.031818202368728885,0.030662401412813726,0.036185550072878214,0.028410556132929605,0.018671352649635143,0.08038111657421819,0.020346497260885117,0.06864913507628495,0.017638935105895103,0.03828557553402335,0.06861558792761144,0.01273644047738187,0.06714539825096541,0.23940130224427575,0.028584305758164806,0.05462881420156016,0.0254704919756788
20201105,0.07253993897613399,0.018727043605042952,0.0404190166330578,0.03224672655401887,0.030543179468170287,0.035684984205844685,0.02802139607569186,0.0186569539265931,0.0796295312569637,0.020379872618922174,0.06861043507856672,0.017688303440163592,0.03919055253812087,0.06874426467324563,0.012649322882745655,0.06696731169679537,0.23983761648903776,0.028703152683703295,0.054741805500893415,0.026018591696288226
20201106,0.07280314346332759,0.01846640333373462,0.04041218805917025,0.027267202194120356,0.03087886013083518,0.04020859467337743,0.0272763494093289,0.01812581428816961,0.08478679325121839,0.020035475995926515,0.07019512155772846,0.017678355922266832,0.0388404357894107,0.06849122625021628,0.012685014519318472,0.06809659774282244,0.2338887462292377,0.02837303833179852,0.05597896409143503,0.025511674766556795
20201107,0.07276940866535944,0.017580765943570692,0.03942194826553075,0.02835187552583208,0.031696710542056944,0.03874288073729691,0.02543839769702434,0.0184601756987422,0.09186046779178522,0.016568339531605338,0.07541821519791235,0.017895545023492214,0.0403207860182571,0.06787626354618763,0.012668223849593634,0.06747208557189109,0.22885413609480815,0.02764423600191994,0.057289835129982924,0.023669703167151085
20201108,0.07465786837905009,0.017914628755980596,0.03939801428544685,0.03209672153779457,0.03143407859281913,0.040459019714969485,0.02547625041561568,0.01847341079583806,0.0896780089364709,0.01603512249787955,0.07483333461314494,0.017390121814936075,0.040668609855462584,0.06867753959668019,0.012569076471584456,0.06608339747124373,0.22791734371370215,0.0278857807374488,0.05477659168191505,0.023575080132017086
20201109,0.07407248691577685,0.019028869555902432,0.04041257035930914,0.031914448573163466,0.03049692190610407,0.037027711636230684,0.028305925043621706,0.01855736933987829,0.07814417889386079,0.02018084592007757,0.06890682242881442,0.017713592950456974,0.039432416063129784,0.06901684940809273,0.01246265105716405,0.0667403720094399,0.2394991017815667,0.028074542880364317,0.054101792484229805,0.025910530792816317
20201110,0.07309514771195816,0.018641381264034012,0.04003906576432096,0.03232142005117659,0.03019257310788744,0.03666374768612561,0.0279005584650565,0.018405435212419063,0.07776667197060877,0.020054953389465682,0.0690020991813221,0.017537136061454947,0.03845172695589001,0.06885287128100588,0.012825506077917556,0.06627492702067568,0.2420499073234619,0.027910562590253214,0.05447629923968494,0.02753800964528113
20201111,0.07174975392363649,0.01833570118816317,0.03952136337730176,0.03239167779968946,0.03007506371829623,0.03598273878306224,0.02758975388360124,0.018265298486586617,0.0772661224589537,0.02006669923562672,0.06844267077990056,0.017422880037228045,0.03823135991877199,0.06818880841856995,0.0129565404634873,0.0651619158097209,0.2486283569000818,0.027510374352386662,0.05589761590719825,0.026315304557737063
20201112,0.07337040981530325,0.0188428355303532,0.040554922865109866,0.03306554636708108,0.030753696574752062,0.039485464995922766,0.027624084261680348,0.018466912817786788,0.07886374099319671,0.020024641307993588,0.06974709757684047,0.017819147953795904,0.03878126921711191,0.0690450954946809,0.012562529658775192,0.06612475890631574,0.23656261427135625,0.02822230556542693,0.05494227076673695,0.025140655059780137
20201113,0.07313449286449279,0.018386863221212614,0.04076249221664479,0.028321254492810387,0.031086191822906686,0.035500704100921945,0.02749020309914489,0.018140284541402242,0.0863701495125218,0.020011605240187875,0.0717629271005895,0.017846303329733727,0.03886932120467211,0.06876334280332445,0.012327541488129076,0.0683811751317636,0.23266791315463325,0.028410001593696364,0.056381988153909074,0.025385244927302653
20201114,0.07328330402562565,0.017646732015787838,0.04003892591584905,0.029463158051716613,0.03187982636375318,0.03607641034921162,0.025718902248405662,0.01843398868789279,0.09352926333026754,0.016538456919078875,0.0754877890742316,0.01757314790579889,0.04019350281968159,0.06850101222030362,0.01224267225751026,0.06859883574679555,0.2271758354698436,0.02816115741676366,0.05596203388980596,0.023495045291676498
20201115,0.0738466217340486,0.017898117671346126,0.04009031941436996,0.03360538807389113,0.032071816063292354,0.03877940905287368,0.025843099771548875,0.018599318417646074,0.09055971661192352,0.016101969893905013,0.07459578135737514,0.01755096603063919,0.04064030073983875,0.0679169078698525,0.01231137668272115,0.06578671508055768,0.226568075584554,0.027981285765092446,0.055107593438551865,0.024145220745971988
20201116,0.07290195602957805,0.018974938293333063,0.04140112602123059,0.033363945014585755,0.0306522986215114,0.04145266623413472,0.027481916154782918,0.01869701581343929,0.07898794033776797,0.020158879730102358,0.06921697104825518,0.017810407986025685,0.03948992873554242,0.06950897067961105,0.012354114304182064,0.06540502149117262,0.2325948220973677,0.02850367030836098,0.05425624598442988,0.02678716511458633
20201117,0.07243172866833499,0.018598390037204857,0.04085744224014015,0.03357676472901072,0.030855771153298493,0.04721636313197699,0.02756359268086876,0.018500978176425324,0.07962677124622204,0.019930519235785742,0.07109861038745932,0.01794587203730101,0.038918658628025404,0.06973352085818885,0.012320868562899743,0.06606222424874926,0.2282886639525045,0.02830916926314245,0.05246078716876528,0.02570330359369615
20201118,0.0731319160186,0.01848337239707028,0.041015775181875255,0.033477663680679025,0.030894149382729413,0.044972345944839384,0.0274530322933812,0.018709898972238848,0.08247868627851053,0.019907475523706038,0.0717444679514844,0.017908504381552594,0.039206668803800866,0.06919756618100563,0.01241084192953681,0.06741264769865077,0.2278886912095732,0.028203975034870668,0.050638053414874484,0.0248642677210206
20201119,0.07369575020600994,0.018103145958432657,0.04089457775714055,0.031585858482189935,0.031129240033164293,0.04714289943075824,0.027152480643498157,0.01850146898009611,0.08913622002839362,0.019322323096199724,0.07245516740530979,0.017527184654535004,0.04095149638160405,0.06752587119641447,0.012070878057882845,0.07191422553405244,0.2200665966666001,0.027728358258763162,0.04964645036072522,0.023449806868229662
20201120,0.07185509678363225,0.01804651542269733,0.04111651531409205,0.029308706431641636,0.03139178570896819,0.03909076667659418,0.027084284423753064,0.018469028134427103,0.08982596219603063,0.019564663687400667,0.07228610997522449,0.017232678437630128,0.04094065852535054,0.06788085722991404,0.012339035060797698,0.0763988716238557,0.2240548703585729,0.027452219032865592,0.05030511068323608,0.0253562642933158
20201121,0.07559822584256043,0.01783935149751682,0.0409609292948546,0.028324468434240108,0.03197402574210177,0.03609790994596357,0.02570375075709231,0.018162651334565055,0.0920707188878553,0.016616730461069984,0.07524609781376006,0.01741090130945507,0.0399865671118364,0.06949811298594685,0.012583578310357087,0.07042009158894795,0.225564399708668,0.027881116501595905,0.05426061178655416,0.023799760685058683
20201122,0.07578220162012023,0.018333166985585625,0.04103466253242738,0.03169801736903974,0.032005882606331984,0.03304745734689735,0.026007649065346188,0.018534676950595103,0.09015580165288277,0.01614831917832283,0.07522781414551732,0.017481350228578312,0.04049728980551202,0.06864899009488397,0.012673830131058508,0.06797548889601497,0.2301401050163713,0.02786502530197381,0.05337014703533479,0.023372124037205663
20201123,0.07416093507234503,0.018777996343082817,0.04229568265029833,0.033631044356149414,0.030811711409491817,0.03460313465046403,0.02767312196216833,0.018621873461688733,0.07742693380281505,0.02007098088565534,0.06968742765257276,0.01774104759809075,0.03901900969561065,0.0691756427943636,0.012572887061528192,0.06837033584135145,0.2356175286434571,0.028142121741507136,0.056160659805730886,0.025439924571628643
20201124,0.07320252645704177,0.01875598573102397,0.04223022874620193,0.03472085313073341,0.030922851579834033,0.03488410235793779,0.02784794275377657,0.01873950248781693,0.07756096615226069,0.02014234079700879,0.06976207439415318,0.017690138930067687,0.03898257632184338,0.06917798324191142,0.012632328226655876,0.06745122220822106,0.2369286313743241,0.028356219166929975,0.054121447432090165,0.02589007851016735
20201125,0.07370161888038619,0.018699696799586017,0.04197638062151054,0.034808103165050466,0.030958720839274426,0.038227882594569794,0.027579473454074858,0.01866544068494952,0.07786151999376524,0.020021367804878003,0.06996389042338952,0.017763967992919825,0.03908366574404561,0.06922955036431727,0.012563917439213163,0.067178217343862,0.23342183686182044,0.028350735890735893,0.05373584335742429,0.026208169744227044
20201126,0.0737235183117353,0.0188244236678514,0.04226141474227598,0.03462818333984455,0.031197134384317305,0.03125213116993394,0.02765063913300248,0.0185938693385668,0.07870656848509437,0.020101320042004968,0.07077861597050858,0.017827935806572742,0.039688051257224966,0.07016487531357846,0.012657091017744884,0.06709296242147124,0.23738805134609664,0.02817291734264325,0.05322871366860508,0.026061583240927087
20201127,0.07457217191897222,0.018388425439512808,0.04223765792270166,0.02906796683952147,0.031144230832686463,0.030711263420831338,0.02774646791648532,0.018070178565584485,0.08474292549694569,0.019952051564344108,0.07195689611895664,0.01761827775621665,0.03950745813186777,0.06893459880375079,0.012589642765385926,0.06869180597730892,0.23588555856581794,0.027980962215283758,0.054376522317239495,0.025824937430586656
20201128,0.07489609559577716,0.017862169224401557,0.04141823044302037,0.03082096441055148,0.03185445791276945,0.02894587162459849,0.026018439305646263,0.018753225864100144,0.09271304702118567,0.016659893469578572,0.07663291416206182,0.017265794335635146,0.040206571430203085,0.0689914212103725,0.012644242613526292,0.06759480945927822,0.23124746494809803,0.02800429423469009,0.05361208589264237,0.02385800684186333
20201129,0.07590585536393929,0.018205927056805703,0.04131508106172338,0.03496748936509913,0.031887329713731837,0.028884271746366475,0.02622918862397363,0.01877381408546216,0.09049074777158783,0.016099365986128718,0.07572669734022341,0.017387861653955256,0.040295355798011134,0.06932773476786559,0.012683041036136277,0.06560228353488465,0.23181099613843845,0.02795999522553077,0.05310094430694637,0.023346019423189868
20201130,0.07479673702341699,0.01885556840160587,0.0427293737072565,0.03434197318548813,0.030814544428186687,0.029321479867641543,0.02877213384184453,0.01870195680539631,0.07793794991395274,0.02019294614752045,0.07040429583942806,0.017805298292007332,0.039181941707774524,0.06960831279800067,0.012708777914043965,0.06717656175020932,0.2373892009138017,0.028362544946681667,0.0546557802937537,0.026242622221989455
20201201,0.07313595224077718,0.018502729847389564,0.04263798730693661,0.034262172571112866,0.030698151325455007,0.0284101511800158,0.02904166692012302,0.018632971095860318,0.07874073872802616,0.020463109789039563,0.07161868717886777,0.01756907793087535,0.042616471181109866,0.06950427487047485,0.012582084894381191,0.0667091402761423,0.23530421027798526,0.02759479308841328,0.05402117614767857,0.02795445314933556
20201202,0.07367008282213837,0.018357429687624247,0.042846031203060436,0.03415379375445465,0.030957722989725413,0.028151353504793763,0.028479000045584162,0.01870051305622588,0.07887922611068565,0.02044733189369792,0.07249376182370729,0.01754252476346146,0.04261696052645822,0.06952521434722671,0.012646781481557809,0.06722747186731713,0.2347147633737787,0.028055109706648443,0.0533051732658596,0.027229753775994188
20201203,0.0747709594167384,0.018376575220275283,0.04302629058456671,0.0337176598690093,0.0309920955685922,0.028048835120430545,0.02871783595695289,0.018866834122915288,0.07886295080377402,0.02028681532682609,0.07281020462249281,0.017577197873514524,0.040281259409572834,0.07006016602676914,0.012720738565285869,0.06668746232779077,0.2360191816783286,0.028090469796853198,0.0532723106390213,0.026814157070290213
20201204,0.0742459242768894,0.017986207163020698,0.04259889314121433,0.028324213067004483,0.031486013959721525,0.02727993551629777,0.0287559418425766,0.018380260122433916,0.0870784609520325,0.01996226318632811,0.07507201678830741,0.017542922788367884,0.040152502916391664,0.06948837992441814,0.012891030242689928,0.06840327088292443,0.2318450218353563,0.027640423416290638,0.05480465498572048,0.026061662992013814
20201205,0.07399622377037622,0.017552797859609663,0.041206550809997286,0.030264013357095644,0.031764289138147564,0.026451087820277854,0.026522008615212242,0.0186799253053806,0.09425455372319247,0.016789687612731242,0.0780529410698616,0.017371139755224762,0.04048124946298909,0.06950536337114335,0.01294055775004272,0.0665219171405799,0.22897927917324684,0.02764730202830291,0.05634325056378165,0.024675861672806432
20201206,0.07492450512714488,0.01795648780402171,0.04149594711556785,0.034552125273560615,0.03186271817330373,0.027189552118237568,0.026595232391518973,0.01863484573573121,0.09220977117102487,0.01629436435899383,0.07823865643108087,0.017612893018898342,0.04079020290471519,0.06894627163671851,0.012860547385248677,0.0649940693541178,0.22960383517454716,0.027738031505800613,0.05375125547960587,0.023748687840161608
20201207,0.07403049726131694,0.01854272536973229,0.042708338550917005,0.03445530793087923,0.03117711950547906,0.02779228420670678,0.029049590983718336,0.01879136858717719,0.08049513995124252,0.020256538889125545,0.0731435173497285,0.01789467744979677,0.03909360084030462,0.06925442652007187,0.0126386327601541,0.06715696129176757,0.23668656637587046,0.027998199542776908,0.05295780976187785,0.025876696871356568
20201208,0.07412419985971795,0.018408899515897227,0.04252452713551395,0.03486082106689642,0.030914442599956026,0.026752092165498138,0.028695639392463806,0.019054572271633558,0.08176119900154331,0.020408084702984018,0.07398079623149638,0.017595110274800055,0.038582421588373855,0.06920941601961048,0.012528181596453504,0.06669015459877521,0.2370527616408699,0.02793377846040799,0.05265797918245037,0.02626492269465785
20201209,0.07293512856075918,0.018242348489598437,0.042554370980390006,0.03541785087270327,0.03077143124849833,0.027227663149099083,0.029439430152206025,0.018902074798594227,0.0819608335296359,0.020352334250992848,0.07363574469833349,0.01758967742607231,0.03860930047161962,0.06861107342174258,0.012609784684829116,0.066457571011243,0.2369115275775503,0.027918994430891853,0.05331322784591228,0.026539632399328147
20201210,0.07338322272820355,0.01825138000701792,0.042604533691368615,0.035354784532982894,0.03057108134270337,0.02965285071038198,0.02973461157641818,0.01877106209926742,0.08006411748568314,0.020200584818832287,0.0727449536860268,0.01759043690702625,0.03851118716930331,0.06800311316496889,0.012571308322111974,0.06577698223669738,0.23553944287589426,0.027866611418707412,0.054985603983327226,0.027822131243077343
20201211,0.0743420237962131,0.017736689714447827,0.04195583238070977,0.029453830477416093,0.030899122047814087,0.02723348775841056,0.029098076728051564,0.018311326380753355,0.08645925501381682,0.02006696081857107,0.07464155238712662,0.017525093849317105,0.0388977230759735,0.06906929672787447,0.012728836213208734,0.06728407323918609,0.2344205904374229,0.02769129778174216,0.05600946297179472,0.026175468200149512
20201212,0.07491148405625253,0.01706038203167011,0.040570259282618114,0.031106595336873426,0.031244573358435175,0.02700474923166216,0.02633870463787692,0.01851573188871033,0.09247722728525584,0.016488245830435202,0.0789148920741445,0.01732301271103306,0.041907711294513705,0.06788087468458108,0.012973824820357385,0.0662018445550589,0.232405733509352,0.02712312234148153,0.055626060200351865,0.02392497086933619
20201213,0.07611074527862564,0.0176310138130791,0.04130675405924098,0.0360137197362613,0.03163917704417581,0.028699465698445226,0.026281530750309624,0.01899858157886272,0.09137020422892088,0.016002173264276182,0.07930900328027775,0.01763048931228863,0.039668348521359566,0.06886748165265863,0.012639812759622244,0.06490273289670576,0.2290777644268434,0.027583737207191514,0.05308792411219634,0.023179340378658708
20201214,0.07527660688761127,0.018097634964039717,0.04271328249653317,0.035989625221236075,0.030890361417777058,0.030001717533103264,0.0285353723691732,0.018780922487936683,0.07921240592691885,0.020030880085991302,0.07486785713059492,0.01811624914100834,0.03803026323955213,0.06910209943619784,0.012519587518591188,0.06695534836213386,0.2348632628546977,0.027700200141442158,0.052812943309560816,0.025503379475900558
20201215,0.07430426360200988,0.018081052425899226,0.042679521482785,0.03645840012455802,0.03097514685303818,0.030267054392116213,0.028409470460759336,0.018917574286854963,0.0784164753199806,0.019996326814142092,0.07529970396181351,0.017940578458867915,0.03750086028705129,0.06762183755256307,0.012506205903100476,0.0668242575989036,0.2344216611144823,0.027773119032368947,0.053359214582614736,0.028247275746090726
20201216,0.07465968199805639,0.017725597772527392,0.0422547725206968,0.03705250054993662,0.030727312637636905,0.02962412055946512,0.028270465132148908,0.018948399654039976,0.07850256969878194,0.0199372929653943,0.07575262416072212,0.01779419570246336,0.03754849819337261,0.06900335569402083,0.012489109904271262,0.06695218094348956,0.2347981264463345,0.02782101853034968,0.05339056875214697,0.02674760818414495
20201217,0.07450574179931689,0.01785588230303495,0.04314538111805288,0.034709738503426964,0.030702553167593263,0.028589690815773932,0.02812236667670935,0.018781816798013426,0.07668921539327476,0.02025250888971741,0.07477322843770431,0.01796105874753367,0.03656504629323499,0.06900373498646653,0.012812366750133794,0.06580775427214057,0.2422892194099951,0.028648104104211456,0.052902970797057566,0.025881620736608192
20201218,0.06982205593232695,0.01860071086774049,0.04514370252140476,0.030694543845718063,0.031004975783865945,0.030318943714173575,0.027494273058089738,0.019122261285177286,0.0790216562706623,0.02074547644499874,0.06567987916974874,0.01961246784309853,0.03325615541068065,0.06522169007769618,0.014870582571549969,0.06043122611371416,0.2659020037326896,0.03403313526614195,0.045504030079583264,0.023520230010939218
20201219,0.07410708941383551,0.01791253241942823,0.04451779316059624,0.030428026384375587,0.030001971355180308,0.026603778366900758,0.026152049989941462,0.019076688672562868,0.08577718644191468,0.017544897575096464,0.06684232743748968,0.01905232691901365,0.033839431267308984,0.06473451672529744,0.014585582869266344,0.06081994494942401,0.26830233126778713,0.03147794023059396,0.045640831421049216,0.02258275313293749
20201220,0.07635754277379288,0.017322383790141848,0.040964084064791184,0.03626969182047028,0.03129701942022973,0.027435139347613043,0.025804928140228948,0.01900212246051192,0.0908636956132114,0.01581766642322466,0.07975864993232795,0.017821346784119847,0.039792945093617985,0.0674808244587507,0.012756946853775994,0.06488773685084248,0.2306861849580172,0.02751949000027644,0.053199899406833236,0.02496170180722212
20201221,0.07542598691355294,0.017758758896178718,0.04186870543617164,0.03548902700931655,0.030725179440647205,0.028855566751488808,0.02784989459665254,0.019131269994746368,0.07937420568665172,0.01985462477714654,0.07572105292512551,0.018409816208366105,0.03901161209881069,0.06910977395032343,0.01269523441296614,0.06633799588373586,0.2341196808931983,0.02760342266910828,0.054165453087131936,0.026492738368680668
20201222,0.07512014568731774,0.01782698546140663,0.04199304433042387,0.03588230901663419,0.030776178464891425,0.030734736575195667,0.027380109852494287,0.0191933151880567,0.0803594696164623,0.0198277687598964,0.07478036722703306,0.017976283238645106,0.03774074292799666,0.06810142157235052,0.012721760364636734,0.06844268051140688,0.2338784603051884,0.027785286909282902,0.05298860877846639,0.026490325212214283
20201223,0.07421191359087652,0.01794509684610861,0.04187114057833249,0.03506097561762998,0.030575291403498107,0.03538475411876695,0.02752526636132201,0.019008989769333018,0.08068121425978053,0.019902394195701417,0.07549709925187717,0.018191731326061018,0.038385188426982575,0.06734036209817221,0.012624819759955979,0.06852772262828838,0.23056972390270555,0.02766033087853529,0.052577363299635665,0.02645862168643669
20201224,0.07455194537303851,0.017648973509386896,0.04176645523791351,0.033796522831377684,0.030748274394961105,0.029479446529192505,0.027254663466981476,0.018488666764902142,0.08051966872520465,0.01983400144116836,0.07729744025333216,0.018270895647758145,0.04207539148265512,0.06870306423877795,0.012651178837299912,0.06764275918710036,0.2319863767827955,0.027504622359846142,0.053612975045214326,0.026166677891093542
20201225,0.07417056540737799,0.017556576769325892,0.041310401007420325,0.027175994653417225,0.03097935303115785,0.027973617401771768,0.02648504557016228,0.017900247446222674,0.08926459669972242,0.01968335153364635,0.07905217176150804,0.018100496517598375,0.04271116006978034,0.06773075413909124,0.012666235123652336,0.06851750210525215,0.23122214094049598,0.02675919953671975,0.054579201400271206,0.02616138888540565
20201226,0.07607083109039055,0.017198995379169302,0.04101452456948799,0.02918405350358275,0.032115734424460744,0.026369959876430368,0.02510021714771829,0.018876178097249462,0.09579205125717052,0.01647624564912748,0.08108425799970863,0.017870565722532667,0.040404208986742296,0.06792347696826215,0.012823789394766949,0.06812907850317103,0.22908770924456934,0.027203331014703614,0.05307849026230107,0.024196300908454604
20201227,0.07695694362996472,0.017243572110534948,0.04114122111673375,0.03113434781288736,0.031794407885402304,0.02767363474228049,0.025194752109515557,0.018724733762204748,0.09476288154273653,0.016045264626659447,0.08115290201092082,0.01786033396937908,0.04043798309602484,0.06874114790302926,0.012785505927292249,0.06668197240070263,0.22915052288559745,0.027610146830758773,0.05095520534308092,0.023952520294294316
20201228,0.07547708429138339,0.01722008769096314,0.0418830313223516,0.028503083958547032,0.031564749046080864,0.028071325189815456,0.026663173130884257,0.018294088662684668,0.08925945027073649,0.019733859509425355,0.07714971337698877,0.018134075286418118,0.03847203691884852,0.06852432341956982,0.01269838835950778,0.07007815375884265,0.23204950757528064,0.02730700390808256,0.052278112355565336,0.026638751968023545
20201229,0.0753588749257149,0.01732650061236941,0.042099506360344985,0.026991312779230173,0.03112646530912507,0.03023859104808652,0.026528966987571418,0.018231751621113183,0.09152479056496184,0.019692792822804558,0.0769656050917607,0.01827139438096017,0.03788319558892057,0.0683115181689213,0.01275207945148372,0.07068920893766975,0.2299555934590255,0.02771191775226223,0.05265584922167275,0.02568408491600128
20201230,0.07377880449889186,0.017029388487595158,0.041882751806257605,0.024237795889849048,0.031054715952499562,0.029576326964747227,0.026068355045178987,0.0179587682626515,0.09327889668016576,0.01959440507879881,0.07857417342962476,0.018333160585234883,0.037918043104190495,0.06907383678331791,0.01289660562008134,0.0749715598008567,0.22759830539545897,0.027292950544495008,0.053443030913828515,0.02543812515627581
20201231,0.0716829500282572,0.016769844678351783,0.04079797496632499,0.02088411558016502,0.03134580174656471,0.027803926523086973,0.025007881961373768,0.01746178125326453,0.09694144483443216,0.01919853830702489,0.0808402617199635,0.01762926445051312,0.04468936353759696,0.06736137577327675,0.012912979637764391,0.07621337124461068,0.2249724906937489,0.02662667773006422,0.05540276467111993,0.02545719066249551
20210101,0.0735165148107922,0.016870449992434346,0.039160001275025474,0.01939309423134732,0.03146867620266427,0.02638781805200313,0.02273996620122783,0.017830773638193204,0.10504917509741857,0.016226146787371856,0.08201991228086537,0.01773149383657746,0.04604352826061223,0.06722014089519131,0.013292827949602086,0.07265360277275787,0.2302411206095031,0.02681531738104695,0.05050012809925519,0.024839311626110274
20210102,0.07641724477227158,0.016963835642741662,0.04050712911197582,0.02264977062586929,0.031996162278024515,0.02684947806810109,0.023733440597970317,0.018109561654357644,0.09925010938737014,0.015988959400033368,0.08070761917837564,0.017817206544241748,0.03869721666621136,0.06941300873368864,0.013311620397558463,0.07647697438134443,0.22861065020191146,0.027706231415012283,0.05017967987318818,0.024614101069752183
20210103,0.0773398693485785,0.017098685087415237,0.04006771774647653,0.02481788282144572,0.03175245728078774,0.0263681652248206,0.02437143567062006,0.018116946028163716,0.09716848158753222,0.016062153992606475,0.07926580991297973,0.017790466305031522,0.03744269325564964,0.06938031318085743,0.013240148896889743,0.07876114167116198,0.2285354475731794,0.028162422780211787,0.050007609207136317,0.024250152428455532
20210104,0.07399589850980075,0.01698252259706881,0.040036075450386406,0.028531983290035614,0.03135317884564057,0.025942895588747947,0.026097572705752317,0.01844987409136956,0.09166739370882078,0.019678600435621352,0.0745888070296642,0.017878839079911682,0.03781530738619048,0.068430221067703,0.012872913375846996,0.08744244720052803,0.2243010118814225,0.028057081684164924,0.05015652310829828,0.02572085296302576
20210105,0.07337937245861867,0.017072782784186873,0.03980275587890552,0.029184276304167988,0.03130328829127102,0.0268530417727314,0.025816774217796757,0.018609000842915797,0.09141330347135672,0.019973295315966085,0.07393900074020393,0.01817860204406149,0.03784722158329275,0.068462979919516,0.012854272144092708,0.08654811227598952,0.2253536846540247,0.028140198190881344,0.04936680864720653,0.025901228462814143
20210106,0.07249628089850574,0.01693537064370002,0.04018235584374455,0.029553230244871807,0.0310090612951623,0.029413095733844062,0.025587461286162683,0.01863680768782628,0.09067816680794946,0.01983159175237336,0.07357819634945224,0.017901621919619602,0.037667356352943285,0.06715226967686065,0.012848380643742396,0.09072650063411496,0.22244572038945765,0.02778871525126431,0.04984393905452058,0.025723877533884054
20210107,0.07397132048012099,0.016912989294648226,0.039855458418002906,0.02988621664264961,0.030878668532681588,0.028861172091804718,0.0255171056684278,0.0184440827462552,0.09036434706243257,0.01987036388598397,0.07413792238631993,0.018133330224925262,0.03749248490453778,0.06834346879979553,0.01290596165531003,0.08866266071481653,0.22246395699861385,0.02826063026714382,0.049224786357489135,0.02581307286804049
20210108,0.07335428172824268,0.016833554137012815,0.03956710577536532,0.02881093929168938,0.03090348494855005,0.02899360461716888,0.025525644519783282,0.018339061595915248,0.09046283221446724,0.01976532548960321,0.07436186055447967,0.01811749292638011,0.03747350612560142,0.06777376541005152,0.0130499231545321,0.09110202793126007,0.22208169146199228,0.02758511088374313,0.04949163573697883,0.02640715149718264
20210109,0.07471982944585809,0.01695203158117114,0.03987174464740848,0.027595817071258317,0.031568689417656844,0.027642435094614483,0.02482288470856009,0.018363925320757743,0.0938541038954054,0.016473114416837818,0.07587911428567394,0.01789977334005689,0.03825234940657465,0.06818797509216201,0.01339704761846902,0.08510926595483513,0.2262559975152376,0.028007325336621067,0.05004531980157097,0.0251012560492701
20210110,0.07556409744504759,0.01715461107236529,0.03948531747070233,0.02744271328055225,0.0316944291078248,0.02759163828427753,0.0247302504145742,0.018287559955705086,0.09497530037404983,0.015954045392899387,0.07566234473049123,0.017878370036794617,0.037714098567900575,0.06955551887430685,0.0133463904081165,0.08235140517539544,0.22769147928174654,0.028260697376782083,0.049698344031630204,0.02496138871883755
20210111,0.07324068724550335,0.016965228917603797,0.039298861717693576,0.029646927192993607,0.031332943392270364,0.02751560851544276,0.025749020263010274,0.018451776249011943,0.09057030932731984,0.019528535644680385,0.07242640244551482,0.017972287218229414,0.037671543827094665,0.06910221869045083,0.013177427830602537,0.08767738819179201,0.22276536778919848,0.02806817450900945,0.05302140086596601,0.025817890166611943
20210112,0.07249465765987226,0.01668991941064818,0.03915745351942242,0.029059170135389775,0.03129943081571727,0.029621362688139363,0.02571626979005071,0.01843197684668473,0.09038892765086254,0.019261038106314233,0.07136207470326772,0.017836104823709623,0.03732743662799084,0.07076460170878067,0.013177872855798392,0.08715752969878503,0.22097606337583653,0.02875579389122707,0.05525445863052652,0.025267857060975882
20210113,0.0721849713131888,0.016604934380541184,0.03883636197021438,0.0287178519899556,0.030923168018409556,0.02728547952224751,0.026006251177831882,0.01862043019084085,0.09151333973559428,0.01930510497260277,0.07085359898707308,0.017638542738097583,0.03671696085882745,0.07194086414547053,0.013511106690614502,0.08871728055192453,0.2215029899762136,0.02863199081451486,0.055128777967937255,0.02535999399790001
20210114,0.0717771916339831,0.01685670375900781,0.038000923368856944,0.028791540899657887,0.030570358147969757,0.026317170679475515,0.02656847380417697,0.018526810781734813,0.09642282318174504,0.019261775595575,0.07074451163715242,0.01748106801229354,0.03648290736901282,0.07179993134519058,0.013722565214444135,0.09116550826746092,0.2213336263651424,0.028437982180688288,0.05063247659465087,0.02510565116178135
20210115,0.07298610943654676,0.01678367731708396,0.03752936475604806,0.02837164078886945,0.030838541577319,0.027138398093861302,0.026122222175005143,0.01853337093158369,0.0954473239701306,0.01924117524000441,0.07121263211535926,0.017306976539204495,0.036849028571332335,0.07168102290579402,0.013973016345795794,0.09257695568594748,0.22029727709955613,0.028486213928782,0.04757625249988817,0.02704880002188795
20210116,0.0763128243312134,0.016959128832385838,0.03752518024855958,0.02725236756328866,0.03136493240410878,0.0259499960372947,0.025280032668441504,0.01845959695378594,0.09951649913332908,0.0159907142383895,0.07344249123237419,0.017659003037266804,0.0371804359921811,0.07113025571030697,0.014260663068725503,0.08841135791638155,0.2243374417144984,0.02869495580132172,0.045771950483372514,0.024500172632774445
20210117,0.07807233174390757,0.01724369029916763,0.037387771403292205,0.026795298802076192,0.0312595494858009,0.027521603282623888,0.024946772408757964,0.0182695036575356,0.10141839197077084,0.015468634892819116,0.07376952043484111,0.01759651220460031,0.03699228073583382,0.07159534836271253,0.014464180379808159,0.0858276998336162,0.2236335147450903,0.029038262150959563,0.04546824536688875,0.02323088783889729
20210118,0.07444852423193835,0.01706586328473549,0.037484532883976136,0.028282449681482844,0.030904876377492993,0.02786291090097033,0.026396972501257464,0.01842135166792833,0.09665569458886918,0.019038651387454898,0.07208311704187154,0.01732217949972035,0.039922483273728736,0.07079313016549105,0.014103561989315309,0.09038722920637364,0.2176305944103832,0.02888407474972325,0.04729921774475549,0.025012584412531368
20210119,0.07481387538385713,0.016904471311716452,0.037335735663643926,0.028320160280649667,0.030777044997266863,0.0285338108730318,0.025766751192708902,0.01853237502254918,0.09670677777239764,0.01896703184427312,0.0728553136724229,0.01739679171631236,0.041370869578134656,0.07090105512160097,0.013898097328714156,0.090887401027233,0.2169910155670671,0.029407688286811607,0.04463471208003505,0.024999021279573385
20210120,0.07588522783849726,0.016918742711221874,0.03724207771288548,0.027846903543831843,0.030636617614681005,0.030570552794775517,0.026334305032349258,0.018477539836909574,0.09827860788704053,0.01893428206777477,0.07173912846209261,0.017307592098984997,0.039102776322271486,0.07125903394747092,0.013600931327704064,0.09068818868860187,0.2167418153547781,0.02909382259559393,0.04325777454527217,0.026084079617262636
20210121,0.07749113170662039,0.016968452959045487,0.0374731255818087,0.027961984639177317,0.031090922231193325,0.028542754032037845,0.02671871627524188,0.018618644873888344,0.10009361176845737,0.018973926662676544,0.07089599735657531,0.01712866868263964,0.037553415300920406,0.07094603263125371,0.013361155312206118,0.09038600501644813,0.2190125674596904,0.029396807959910207,0.04231964316603898,0.025066436384169697
20210122,0.07615696156365212,0.016982896519942718,0.03714726139685656,0.027944619120470082,0.03142269153461297,0.027120431710464892,0.0265854269167572,0.01870110347463219,0.10011191757296056,0.018732683119703625,0.0731909375806925,0.01711303174478839,0.03851153003011188,0.07001636945008824,0.013592754474902852,0.09110767837889544,0.2201979538889173,0.030091145639321124,0.04062226151693877,0.02465034436529056
20210123,0.07803616295518134,0.0172323276304211,0.03724524729600398,0.027456559086546012,0.03185729014330698,0.027526578251981404,0.0260481540969646,0.018785694011054663,0.10257258263264503,0.01572695012098886,0.07363392643722108,0.01709560560069829,0.03840144795033816,0.07154249879834296,0.013647026174478084,0.08880922245186627,0.22035038254337191,0.029762337017323188,0.04088336274308872,0.0233866440581774
20210124,0.08062674091055094,0.017522297420390257,0.03736174924369439,0.02643666561570985,0.031702576402473565,0.029192217601496488,0.025733817457723445,0.018841971819172958,0.10573111242816538,0.015173477775581734,0.07300422472633376,0.017304817909394896,0.03852239400454542,0.0700164735482452,0.013683464665809148,0.08720691131595959,0.22072113949874608,0.02990466419569935,0.038685105276855834,0.02262817818345165
20210125,0.07879979940580248,0.01731123631360619,0.03722900972727825,0.027860489354055464,0.03105615460903503,0.03125890137016634,0.02659643552059612,0.018997325704123057,0.10273312988156807,0.018861384311926303,0.07115973690339203,0.017198688495728868,0.03809674895324823,0.06927093703378343,0.013251488756444371,0.09112832093076643,0.21655045288294344,0.02917507193216828,0.03844176321203818,0.025022924701329455
20210126,0.07803729508364145,0.017349659135514728,0.03778446856629526,0.02757761966709001,0.030940170251038974,0.028476378996533137,0.02627120737317279,0.01886248137920409,0.10532061904687244,0.018942735505999047,0.0710377402306377,0.01724600430827515,0.03820678332049774,0.07003286905306894,0.01330290843272225,0.0915415267418208,0.21634742162506385,0.029189927308046364,0.03906082467623434,0.02447135929827097
20210127,0.07785092514822768,0.017414061450244052,0.03772401118635964,0.027442746503004403,0.031108089074367764,0.026836911910079645,0.026628044451649152,0.018592355134710827,0.1050412528164089,0.018915090504563064,0.07144063147752126,0.017177011496213975,0.03872148732036961,0.06997842273757973,0.01328402232100569,0.09261875614510827,0.21676828798087625,0.029100793701110607,0.03901915432756108,0.024337944313038408
20210128,0.08001996374382148,0.01735852900988209,0.03779485067541768,0.02728195484071281,0.031012998461803207,0.027249863892356497,0.02586779107491921,0.01880533082501869,0.10546733148003183,0.01899691110677494,0.0716000570498128,0.017191245511862237,0.04056562761606427,0.06868330753323912,0.01324267707226077,0.09109181620879936,0.2169789043004607,0.029764213807080383,0.036681474058324365,0.0243451517313575
20210129,0.07916397754636173,0.0174947224424495,0.037627080540455264,0.02705594279842818,0.0309892243528068,0.028545931391960686,0.026591275273108773,0.01850387679559958,0.1053286866118243,0.018754228750025238,0.07126693419776353,0.017311706044806766,0.04302367255604325,0.0685575843406512,0.013525113784486434,0.09170563547947376,0.21541379397709506,0.029491503714614998,0.035849128751167164,0.023799980650877742
20210130,0.08147580992188386,0.01756725313134587,0.037889251216204616,0.02627571402182361,0.031234129262699206,0.028783891600655087,0.02567334781059999,0.01827214701659442,0.10718685940304963,0.0155992007128473,0.07155693761474348,0.017329222113464438,0.04239869728802926,0.06865007977554602,0.013610088307924095,0.0893927016255573,0.2185266097668628,0.029542168363737974,0.036048361917260435,0.022987529129170715
20210131,0.08200019360631311,0.017704859013383006,0.037837858154283116,0.025013789638798457,0.031323740333888815,0.03205898592866493,0.02521757402739321,0.018355484475139044,0.10867529561331468,0.015087905421861003,0.07265171834082912,0.017616965856339244,0.04134601439772378,0.06848936235999545,0.013549178937481959,0.08718603094689073,0.2188857856368092,0.029457451460661192,0.03483941948771261,0.0227023863625174
20210201,0.0795929486545312,0.01735156697804534,0.03779630645972303,0.026117894939728586,0.03102712479313176,0.031180358520873714,0.02567783902546309,0.01830249530526588,0.10272456292472876,0.018774436760311392,0.0714262156361644,0.017666347521424514,0.041197205669876384,0.06749939309470475,0.013346658972077423,0.09113151481307499,0.2171722774165262,0.02850752555694008,0.038522144970556615,0.024985181986851915
20210202,0.07876840890404359,0.017361122149790197,0.03789251348391307,0.02588698068162446,0.03111575074513039,0.02936325666361797,0.02531354962830137,0.01819676109461079,0.10337225292426246,0.01880672514802373,0.0711201424598349,0.018102009180609932,0.04223080635521317,0.06723717857382812,0.013362049009145395,0.09067044937854786,0.21840461567435576,0.028923668629437637,0.03834284304606112,0.025528916269648285
20210203,0.07790578439585674,0.01738260038465599,0.03778881264889223,0.025183460000396084,0.03096110519811021,0.02873701304295845,0.025362520168904532,0.018024413056630627,0.10271393235368986,0.018718696831813427,0.07199581399473234,0.01882235406903339,0.04412849691010862,0.06772115280077558,0.01331318218739492,0.09016074283550488,0.218071703925098,0.028856372995701308,0.039065181293207914,0.025086660906534775
