日期,topic0,topic1,topic2,topic3,topic4,topic5,topic6,topic7,topic8,topic9,topic10,topic11,topic12,topic13,topic14,topic15,topic16,topic17,topic18,topic19
20210501,0.07094218581261501,0.016049400565878568,0.05076206284377372,0.02362133071084026,0.0338836802549959,0.03772602286297489,0.02672066258331032,0.018640334306741137,0.07092893563631295,0.02234771860153004,0.07750337266978535,0.0162060282403173,0.03606712868955745,0.0782617803271554,0.021151677470535105,0.06034335657147274,0.16388599501057272,0.029612490540830788,0.11724561231941386,0.02810022398138655
20210502,0.07422868251413449,0.01657149897218436,0.0494743257561023,0.02521513801433042,0.034068999901012614,0.04064414293473325,0.026419647986356792,0.01874921632302597,0.07243977261371573,0.020996377323200758,0.0792058518608089,0.016424781562696892,0.03551961999764733,0.07947462911641955,0.02089417067973045,0.060494033823863765,0.16949573083906225,0.030375516535018438,0.1028795460543242,0.02642831719163142
20210503,0.07428702247272168,0.01662020697331207,0.04940211392104959,0.0263785145267654,0.03385995015092507,0.04852816095536485,0.02654243867146795,0.01890265553831024,0.07132187806025223,0.021014371706113474,0.07830483501019443,0.016739750369143016,0.03547481205743309,0.07961202457505963,0.020969666821881863,0.06064553032185649,0.16745523611390864,0.030826622774294345,0.09725368044048184,0.025860528539464044
20210504,0.07737556456741525,0.017067543320395045,0.049958457806426285,0.028237320400882605,0.03431134156432618,0.047658869883626984,0.0276635345705677,0.019027102822953768,0.06972770498051606,0.021576789517108882,0.0785852485943343,0.017012793004273382,0.033906089517290385,0.08156583371131622,0.021788006878350287,0.06123561035214724,0.16580089311437976,0.031614716698649195,0.08992713128701639,0.025959447408023854
20210505,0.07621623712922898,0.018092303203163858,0.04978526520268284,0.0307338034185392,0.033916073404060366,0.03692777122811455,0.029765171301403926,0.01936126624785801,0.06653098372940341,0.022592543595105853,0.07478795805416938,0.017208845172410236,0.035148344284443564,0.08223506195948267,0.022006726965186272,0.060727335070925925,0.1719713085928106,0.031778441321237416,0.09358319840887154,0.0266313617109016
20210506,0.07600854745273182,0.01965597093603713,0.04677820603211658,0.0334936539931737,0.03340941637353858,0.04310190012625072,0.03369416252707592,0.019472539158660433,0.058685128937910926,0.03285655378794061,0.06962376940957139,0.017483944627317317,0.03457198793744875,0.08233252661386807,0.021061441649848616,0.0628720083842775,0.17085083035122384,0.03169442644235716,0.08279212429600391,0.02956086096264712
20210507,0.0758729807015015,0.01922855292227701,0.04549523831661825,0.0339693548881273,0.03330068923572425,0.037359085101910584,0.03383301689628582,0.019312835685072745,0.05924840366371925,0.03362193217453505,0.07009850478982822,0.01745731717542156,0.034687358369029815,0.08322116909072445,0.021277635133212926,0.06408753027776687,0.17351271741293747,0.031872577295696994,0.08265383091792454,0.02988926995168537
20210508,0.07779578022101405,0.018895135333442108,0.04454138886404041,0.028850466889703327,0.03358153057556705,0.03895589839411315,0.033605824954547385,0.01879937764301483,0.06298618828402579,0.027589416749627147,0.07372702747286168,0.017427649527280747,0.03602922656775698,0.0831555692932936,0.021772951969641186,0.06439553725777357,0.17348114956081187,0.031477285911812064,0.08331394812747041,0.02961864640220265
20210509,0.07750849141196642,0.018042976805970515,0.04289909678205522,0.033789980926568944,0.033600317182667705,0.04251603421271809,0.03106278825890753,0.019394284969456853,0.06636324214152366,0.02329612234220796,0.07829089650560038,0.017250441583171117,0.03648745566517344,0.08096673936096628,0.022086063477921664,0.06122792098647499,0.17245662944431356,0.03136569650922494,0.08368637098294111,0.0277084504501697
20210510,0.07505137250213384,0.01959370731982189,0.04357928872394176,0.03377299006275961,0.032337081044179344,0.0544737456555795,0.033719220577245336,0.01955693217487903,0.05663094914307437,0.03290725958616211,0.06943857208815765,0.017273822299900637,0.034594875183240725,0.08038356393542785,0.021292912595826597,0.06318918343754105,0.1680115683127488,0.03112757906167724,0.08099928833224651,0.03206608796345608
20210511,0.07620445959616864,0.01948524161782784,0.04363028501247496,0.03384698667183168,0.03279733298190605,0.05373069991922372,0.033559865371451336,0.019633383546136914,0.058656702275203226,0.0332397128987991,0.07058299747395266,0.017441553791675862,0.034205115531377214,0.08134834876866492,0.021518339840289773,0.06413112222541302,0.16716682256336046,0.03208069357740851,0.07695331320753529,0.029787023129298693
20210512,0.07652256828987042,0.01923545883030004,0.04453532595043259,0.034026948347603926,0.033023451656006994,0.04850186864417251,0.033650983112900434,0.01945062454396077,0.058998660087622966,0.03368321483416774,0.07113081071804912,0.017268656064121445,0.0347923966593906,0.08193380874344244,0.021613126492423442,0.06389061381026953,0.16783518826759722,0.03202739159470569,0.07876595697049707,0.029112946382465168
20210513,0.07525949518750515,0.019152238678191786,0.04432913542312402,0.034435730497463166,0.03299510806024286,0.050204541442678496,0.033157868586692216,0.019354629971281758,0.05961292802056576,0.033627447676639305,0.07128730881082372,0.017197419764210457,0.034178406055664856,0.08196143686313177,0.02179436219730127,0.06356413860724135,0.16798132293894166,0.031829756265268565,0.07905626747964538,0.02902045747338645
20210514,0.07541704389837148,0.01816748833483126,0.04423410804516824,0.02853395210987329,0.03303988822955952,0.053965206453163515,0.0328524013571538,0.018545404617343504,0.06213626686779027,0.03324327813710865,0.0733777825252985,0.017155571800076333,0.033821322533864696,0.08129066724297669,0.021937114925930062,0.06509243888043817,0.16432466153925532,0.031430559958125,0.0806343163781987,0.03080052616547292
20210515,0.07727447661784373,0.01702448219061585,0.04327885016263629,0.02981206459229172,0.03367140142978633,0.054015210450865735,0.03084092035636413,0.01926011484993577,0.0674991872960954,0.024822729710768772,0.07875217965774736,0.017033543592576278,0.034334316571862936,0.08111213465538071,0.022773342060175176,0.0639937530124365,0.16300898667512875,0.03175923940869975,0.0813617428351582,0.028371323873630627
20210516,0.07989408033508556,0.01781269588443523,0.0434085360567645,0.033603235883172364,0.03384489747439405,0.05268029720283048,0.030675763503475957,0.019369535890579832,0.06709131893297114,0.023433280241556,0.07963557761187623,0.017010467474433442,0.0340774914198789,0.08166341446963944,0.02343456252469009,0.061923959538467174,0.16374524855053374,0.03199272013717965,0.07814368688851188,0.026559229979524437
20210517,0.07643152863805044,0.019290390167124517,0.04457109962165013,0.03426512116334705,0.033068955248427914,0.04569715721910059,0.033365943504314016,0.019497646606575717,0.057786612019403265,0.03352444151484222,0.07022992261632906,0.017043514348110047,0.03432893869589043,0.08197964949047322,0.02240104845479117,0.0642652311998621,0.16923070273392715,0.031701971168973206,0.08122391525729672,0.030096210331511008
20210518,0.07519003157377173,0.019166046427161836,0.04463932732325555,0.03416578767512048,0.032987513480794844,0.04437235071129753,0.03359630733042542,0.0197001648183952,0.05846072995368363,0.03373645775579169,0.0708597936262487,0.017085354924036,0.03444763427932547,0.08226171715872667,0.022238357897217016,0.06459791909683811,0.1697861666871328,0.031366025120464665,0.08082082450905775,0.03052148965125497
20210519,0.07640129677136474,0.01873229968129169,0.04441846024864282,0.033971837653720444,0.03301485105934256,0.049939860804209035,0.03350874015520646,0.019438443237590475,0.058883767404000725,0.03353449639945925,0.07319913771774733,0.01724188029569271,0.03426638150710791,0.0819906929520156,0.0226170299492853,0.06462190068618821,0.1658383243489774,0.031113865940390232,0.07763335531854472,0.029633377869222474
20210520,0.07451414972937083,0.01847578250220963,0.044340320317836766,0.03327880943365661,0.032912960088191674,0.04552804980856789,0.032767628062651294,0.019163518825748845,0.05804199461401233,0.033331053912822865,0.07543336718185924,0.01701236253184597,0.03595714130251095,0.08163929827542811,0.022373457629680363,0.06377534819670183,0.16849787147568965,0.0306582699481888,0.0807547148760096,0.031543901287016944
20210521,0.07547946224911628,0.018028920954199657,0.044827890924720316,0.029227333783205783,0.033227172517983884,0.040807283228791916,0.03329101974070251,0.018633090745027253,0.06144905293965894,0.033532346868506126,0.07476217839652033,0.017000017910486238,0.03442115690170293,0.08185544348906575,0.02321755638003441,0.06510783333800609,0.17067630013904922,0.03096570670691767,0.08404320450743824,0.029447028278866538
20210522,0.07768511253386454,0.01715422607669289,0.04353329624966437,0.029915617035559318,0.034023669412190954,0.041396108744847136,0.0311376684836289,0.01903173462674523,0.06658163417371715,0.024872115424067108,0.0802118471546419,0.016577157834837517,0.035101191751638526,0.08317597290960893,0.023600313226831333,0.06231049829296696,0.16992418390979938,0.031572367182999536,0.08597831701466706,0.0262169679610313
20210523,0.07913804734158385,0.017954760841369675,0.04321003618939416,0.033765854593592444,0.034064489421245896,0.04980846158172916,0.03118820308992198,0.01913995718537493,0.06671013855388702,0.023293388011978257,0.0793808407371287,0.016926038043144367,0.034481562722061924,0.08260052841709749,0.02405731976172546,0.060846937492946826,0.1666750877180762,0.031654563006383515,0.07924358337607905,0.02586020191527904
20210524,0.07636511768709425,0.019159462653423102,0.04449219382810509,0.03461429052299557,0.032931351916719705,0.04140993886884824,0.03514597505519484,0.01946525512631415,0.05774833091140229,0.033450196535115925,0.07030584078576352,0.017029556085337544,0.03464442111986565,0.08374525684383805,0.023522319819950312,0.06384092122272875,0.1710029195744385,0.031140212310765213,0.08108458809425077,0.028901851037848418
20210525,0.07603269904496718,0.018944689961413425,0.04423307466102699,0.03389849183858192,0.032686410505173666,0.04653020203662971,0.03405280561080655,0.019442534115696384,0.05769910227750316,0.03428671958206346,0.07029323900514148,0.016962994664287908,0.034363523948718395,0.08230632347458773,0.0230231503442297,0.06342551306734,0.17018954381909446,0.03109908261773261,0.08057929092638065,0.029950608498624538
20210526,0.07886573423774683,0.01862836370479551,0.04407970399034723,0.03377967944147478,0.03325536566557168,0.051392026401580936,0.033164188485582925,0.01935696684986352,0.05968506499715427,0.0339681603870891,0.07398633457837532,0.016865936447717625,0.033851587877424615,0.08217830812864667,0.023699052700066118,0.0639818596330809,0.16457354985829478,0.03101368926410509,0.07462687693190075,0.02904755041918133
20210527,0.07661338077547808,0.01864577413751051,0.04532514809376485,0.033888450013011384,0.03324756561960298,0.03920958905374062,0.03402222492738166,0.019406644361925456,0.05846439014904204,0.034293958021639995,0.07154651782988176,0.017182388951744496,0.035341509582675665,0.08241699595028999,0.02286390787685305,0.06343397304722909,0.1723109394049996,0.031034348840687027,0.08159838854328029,0.02915390481926147
20210528,0.07572570072964692,0.017994090120971654,0.04556715219914489,0.02893507653833056,0.033196557409579434,0.03717945847628807,0.03316374632909912,0.018546948606315342,0.061387158667244514,0.0342629241622906,0.07316949614871142,0.01690729805931119,0.03470059525483943,0.08233749170634252,0.022996981250217825,0.06454704399345709,0.1737999069697273,0.03096311448785372,0.08470451135886742,0.02991474753176112
20210529,0.07815717262984821,0.017133610840825462,0.0446691154312254,0.03005089721126455,0.03398019680241219,0.03539628826554581,0.03070615702659672,0.019117904924824496,0.06731902490620084,0.02521208604730624,0.07825013436533068,0.016648926305979327,0.035378037779298294,0.08212656158146621,0.023656199100566242,0.0635061357742254,0.17326179387207086,0.03120900197435502,0.08776283855048436,0.02645791661017372
20210530,0.07882730139627173,0.01784926654903243,0.044291077407951567,0.033992043846593684,0.03362684352185337,0.03580649910108168,0.030401260279734225,0.01920858647836733,0.06564665151054834,0.023945995746381548,0.08031095240282045,0.01695175928404897,0.034779477309032636,0.08510548980983708,0.023775155899794224,0.061279474893086966,0.17246723910495998,0.032093767842225354,0.08403507064120211,0.025606086975176356
20210531,0.07532816465614897,0.018969895010974253,0.045235366982217175,0.033726857646029264,0.03256337578597808,0.03847336721204375,0.03329095069505639,0.019346125154702302,0.056960191264913064,0.033863871259189327,0.07139867922372369,0.016725636227199945,0.03492113489827445,0.08313052670683327,0.023245158557207,0.06498338539852344,0.17491866942501974,0.030695616313649508,0.08189381074178173,0.030329216840534662
20210601,0.07336390014982573,0.018391567151885096,0.04420769252091447,0.03016201718588993,0.032118576362928745,0.041590101057894735,0.032645145607388064,0.01836437026490708,0.05704190038384165,0.0338203305689307,0.07463672442704057,0.016628676903158297,0.04183275726996565,0.08202654878410126,0.02306412509909872,0.06559455318484231,0.1711145714001768,0.030097803463882907,0.08201943180889891,0.0312792064044284
20210602,0.0753011651878575,0.01839145701660786,0.0447943977811851,0.0339916386126107,0.03224213712447735,0.046286577722937164,0.033296398599781216,0.019345801038187883,0.05625369713649333,0.03421766965802394,0.07117989940167037,0.016770091906948864,0.036912875430521686,0.08269128699446815,0.022847398612159096,0.06424940924092966,0.1700524908202288,0.030868036076757144,0.08051380846178363,0.029793763176370513
20210603,0.07539499251981842,0.018441738054441,0.044787413317745335,0.034770374301614115,0.03218283683396901,0.05145196616040698,0.03342449433758122,0.01950952129197861,0.05749052972819217,0.034165976434607004,0.07255442598307549,0.016696769293784296,0.03471059613740267,0.08186135802647028,0.023099471101198248,0.06422677254490552,0.16780522798209227,0.03051442129148435,0.0779843161829711,0.028926798476261843
20210604,0.07624171059699747,0.017992711799417766,0.04572190931630594,0.02930825067019161,0.03278191734881687,0.03797866849125599,0.03296211549211052,0.018656044016609776,0.06026484807013985,0.034088676124517686,0.07257048338782962,0.016723123263226728,0.03481900232507245,0.0825615134972423,0.023195993514513045,0.06497355365648756,0.17563930346933082,0.03072980189125817,0.08319087992524378,0.029599493143431986
20210605,0.07767834814871928,0.01701419595983655,0.04498146031005345,0.030759815341723444,0.03350496326923122,0.03535109027343211,0.03072140982729653,0.019298210896043562,0.06625740850409648,0.02546596218733884,0.07810389837904448,0.0164591603653082,0.035558411160633484,0.08253865373965892,0.024352409056700025,0.06325542767294623,0.17499904899218174,0.031175218052188564,0.0852932673987093,0.027231640464857675
20210606,0.07724583490363504,0.017812618246178538,0.04471453173659451,0.0340804094984414,0.033502699321267815,0.03627019580499685,0.030222165960120163,0.019452964573136063,0.06583837639107111,0.02385310032073791,0.07843753487800771,0.016676941634735987,0.03552276957003569,0.08354868166988788,0.024863397488722662,0.0611182022519635,0.17551493353113376,0.03123889251174095,0.08384195627485633,0.026243793432736213
20210607,0.07411986595665039,0.018808786882646,0.04584370162256912,0.03596337029307368,0.03244893213450873,0.0392232755265375,0.033853566067082216,0.019810221371192083,0.056529890586018275,0.03377787695599345,0.07081876120310159,0.016867152970119925,0.035226638815191745,0.08364951157997061,0.02313309209942081,0.06323646545094312,0.1751584812330298,0.03123554894772257,0.08121348366880612,0.029081376635422294
20210608,0.07368816499559623,0.018736863588565442,0.04573029004389848,0.035430025818645294,0.032474245232645166,0.042768345225839034,0.03383824343138514,0.019756271916718755,0.056391670757359263,0.03402091899739082,0.0714236270901227,0.016941287297540575,0.03512753338906947,0.08304978357766776,0.02320513949668177,0.0634792856423859,0.1743335127868174,0.030886166151070427,0.07926008827753793,0.029458536283062508
20210609,0.07370837188737367,0.018109846532285027,0.04578073904779759,0.03569651373796196,0.032271268481708526,0.04828710303781469,0.033815892664313583,0.019540287066562963,0.056392165230793136,0.033978022294700656,0.0713026085058172,0.016954145097686342,0.034807269098855724,0.08238760432771433,0.02322440471930201,0.0627580332913995,0.1713252203601165,0.0309491303318701,0.07965227048390468,0.029059103802021632
20210610,0.07285537417079982,0.0179518431879693,0.046325862660499866,0.035096705440656774,0.03211677195594158,0.051534920917461716,0.033884866018139274,0.0196764451757176,0.055898788790750734,0.03377884440791114,0.07072208490601639,0.017003197857967143,0.03399966084121035,0.08190720052953637,0.022875690928174697,0.06249784455340553,0.17015050886136387,0.030259244538673062,0.07893201934030553,0.0325321249174993
20210611,0.0732601523873191,0.017358731527762673,0.047593882574015305,0.02842297697000915,0.03235819815794158,0.04435560376117058,0.03336384541879408,0.018649673375776558,0.0583808530346256,0.03359771276997636,0.07249843179215221,0.01675735616722551,0.034859005462791394,0.08129158813103601,0.023308726765539783,0.06394742640923902,0.17358775650891334,0.029971228122189573,0.08498571831502952,0.031451132348492755
20210612,0.0751813298927523,0.016461068497315334,0.04621210631990795,0.028895217856073675,0.03284416937307609,0.04864470649733057,0.029974693027182836,0.01946528766605479,0.06610113619733399,0.02457043594463643,0.07819361332485439,0.016397481952214046,0.036460826859358406,0.08018264298339872,0.024142991036283288,0.06215683176559091,0.1709477123062396,0.03034221449327675,0.0855698793858461,0.02725565462127392
20210613,0.07690847580898473,0.016727905036811,0.04565077891166775,0.02967917876393524,0.033449379917790775,0.048861695268386435,0.029110202161461887,0.01914536044699182,0.06915960031186011,0.022364966065154156,0.08043993620005792,0.016425184069705428,0.034366358856550865,0.08094949007939292,0.02399862943270888,0.0612097893584006,0.1714773599740707,0.030845352709395524,0.08327716450904417,0.02595319211762883
20210614,0.0748810821383976,0.017242567871476034,0.04563547636489152,0.03347701355751738,0.032948455910671436,0.04815713459253071,0.029267298758769364,0.01992303660168059,0.06878058843403323,0.022914400582577082,0.07699450584721702,0.016650853612137417,0.035085101360414324,0.08134563435963503,0.02350398440946998,0.061579915218986175,0.17317063608697136,0.03084454944843163,0.08170468218885897,0.025893082655333254
20210615,0.07267455425529927,0.018135219781596008,0.04642340833728738,0.03557716623335995,0.032184351771843124,0.04970414725493112,0.033960335459781665,0.01965338194979353,0.054831476288898284,0.03361529242198704,0.06995137069525321,0.016744380761465734,0.03347160181484116,0.0819607346983244,0.023106175316109232,0.06229615604299856,0.1711336321479036,0.03026076137786996,0.08056999283099266,0.033745860559464116
20210616,0.07482677140883068,0.017864184227543926,0.04622416974147497,0.035666925091195456,0.0322291046616018,0.045982495045219146,0.03489930327392898,0.0195188348660954,0.05571828412762203,0.034004039728758075,0.07023670079130456,0.01672965316138271,0.03291080002001212,0.08175325405716127,0.023329816923060163,0.06278432151016644,0.17324367111589775,0.030759989526949413,0.07983707382586955,0.03148060689592567
20210617,0.07546261684424492,0.017757113136989796,0.046295266985292835,0.03440603565543146,0.032232502800443465,0.04741780965264473,0.0345243302696075,0.01951824877677848,0.0564965737147762,0.034158987333899805,0.07137540795590529,0.016747832832667026,0.03288368377394508,0.08305425678938058,0.023821842939937467,0.06311651722479447,0.17228586110614122,0.030473809534884405,0.07839818550744716,0.02957311716478817
20210618,0.07565684785003954,0.017329425029648182,0.04634265304121995,0.028010909774248197,0.03252320206465581,0.04612015720140805,0.034245963219721814,0.01843364355308405,0.05998664577468179,0.03392263283794244,0.07358352553174065,0.01673878736883736,0.032717082117665795,0.08156291463641645,0.02488341995405514,0.06395913743816922,0.1730928447637817,0.029913219628026906,0.08022770387848123,0.030749284336175724
20210619,0.07733699179187782,0.0169731296253336,0.046432063586690234,0.030133917375921745,0.033320491879303415,0.040941401075904084,0.031726539986394534,0.019101905735688242,0.06446276571755365,0.025715788483261483,0.07813957526968303,0.016712980786352673,0.034294233437511513,0.08305324913389936,0.024429829894880992,0.06289501485959685,0.17437003277228907,0.030873732703670206,0.08153474168104728,0.02755161420314025
20210620,0.07811332459759318,0.01751497827857418,0.04631197470157438,0.03245032694591364,0.03320806436859099,0.03761899239226997,0.031496360994034314,0.01940166150117685,0.06393136963291451,0.024109426944217676,0.0779857719189028,0.016976174496207537,0.03494635979981789,0.08406893328782203,0.02430376828401229,0.06052085132424585,0.17670616969646522,0.03091032716978776,0.08131615373879947,0.028109009927079532
20210621,0.07523592381501436,0.018093630637536526,0.04767766382952679,0.02983667682003845,0.03282545230567128,0.0359771493450819,0.03426404607391634,0.01924784430347769,0.057977259559735914,0.03454011218690528,0.07116960750003219,0.017053705951204198,0.0341409222193485,0.0841073446275826,0.02320009696829929,0.06440204069583906,0.1768357090192028,0.03054297021202578,0.08234243148253209,0.03052941244702892
20210622,0.07576902870102467,0.017983841789479694,0.04809759403684246,0.02652699968926158,0.033207060006797684,0.034529466924035086,0.034140062977674794,0.01866401769276077,0.06077416145063621,0.034948635553862815,0.07269543818840603,0.01679611785885143,0.03362418740384701,0.08459690917070617,0.02295915123879601,0.06475109519591782,0.17680620963933494,0.030591963887231212,0.08273125513378947,0.029806803460744002
20210623,0.07526856270770714,0.01762631835180167,0.04763440189390987,0.025171803856627914,0.033135934961318066,0.0359920984616268,0.034212867879970764,0.018598448398099862,0.0638627466630253,0.03527323408974506,0.07313279063447803,0.01685654052336769,0.033349386314002416,0.08460562681634236,0.02305038141260676,0.06559696341244436,0.17429050827010972,0.030486687756789067,0.08238540430946484,0.029469293286562236
20210624,0.07562966244108127,0.017526250248814976,0.047766720611935334,0.024254273293534943,0.03297294022981718,0.0394518298551332,0.033938428147063784,0.018222227253643253,0.06462588796874293,0.03478959787363449,0.07381889636979394,0.01687249380025455,0.03287757461433788,0.08440705137313792,0.02287798632344513,0.06605933870558513,0.17122464339497054,0.030765908826420513,0.08275398606531273,0.029164302603340467
20210625,0.0745373458262637,0.016991100637954087,0.047760412868011366,0.02331814891557991,0.03292902521972086,0.04789395409894783,0.033139629575380226,0.018191059236832032,0.06520160687887483,0.03433754117306608,0.07539326652679178,0.016755037876322782,0.03238796006639127,0.08248265148333588,0.02275610689010772,0.06638948138272723,0.1662543609414865,0.030406244379958182,0.08269365929028563,0.0301814067319621
20210626,0.07752935313259379,0.0167203177023867,0.047514773877666686,0.023757638441010732,0.03370953685569658,0.046601374133820817,0.03080266638471465,0.01860565900437312,0.06791347379380329,0.02604239097600073,0.07973207854248167,0.016702517914681195,0.03338008762893645,0.08302995145272883,0.023379820731038517,0.06346900201416837,0.1697929071128981,0.031151850786502712,0.08243568940487264,0.02772891010962453
20210627,0.07928974364382406,0.017109401171072867,0.047285564141242936,0.024662857470924258,0.034037907556508935,0.04601829672171878,0.030641288540609837,0.018478477491577255,0.06849910275523285,0.024589727212269943,0.0803595249087977,0.01677173421340694,0.03306764675078081,0.08311968303562854,0.02356575586214965,0.062117425222050035,0.17109036069758532,0.03142770953492897,0.08127682231054396,0.02659097075914634
20210628,0.0753724224490398,0.01728215369281879,0.048271756074887484,0.024360943948202398,0.03315956864059253,0.03952933428035748,0.03308702693346899,0.018587687755367482,0.06421163406239602,0.03452910678664891,0.07409446535818202,0.016952111736853192,0.033211641145642866,0.0830847225592558,0.022560636824497483,0.06624549079321877,0.17138363272704146,0.03072147597016588,0.08293137295167888,0.030422815309683764
20210629,0.07549379092669772,0.017073500923635864,0.0480712009588028,0.023595388075285138,0.033142075467985664,0.037597994896815805,0.03307469959297566,0.01856832183615341,0.06495950689396163,0.034990892334800336,0.0740637503976167,0.01700462969710507,0.032857932219045746,0.08315988556920287,0.02268464008501728,0.06731704218590312,0.17174688293541496,0.031043685820363206,0.08315072592809264,0.030403453255124405
20210630,0.07394913623339823,0.016767757628198602,0.047652891336578115,0.02280635916822319,0.0329985901658693,0.04208291239848797,0.03328377491398809,0.01858357333549544,0.06545155900423393,0.03486385520749678,0.07334293041441417,0.01688896733847987,0.032980556668487516,0.08213201168604728,0.022284611315941463,0.06711286040066637,0.1700639637799983,0.030497075219695937,0.08526281429434808,0.030993799489951176
20210701,0.07396574132828508,0.016637438658562792,0.0472628461100144,0.02403696634913853,0.03285094835209002,0.04559168609898346,0.03255129188906066,0.018923744844095997,0.06513299838610066,0.035215636382984195,0.07463192027519128,0.016958142668516973,0.033457824822382194,0.08048429168280652,0.022251605784597832,0.06643794370426015,0.1687529903996295,0.030327312777628592,0.08296994795873125,0.03155872152693988
20210702,0.07293375878740632,0.016600365067875232,0.047688630096243266,0.02461260236167297,0.03286166963059984,0.05005970340949266,0.03223152715417993,0.018845054931582225,0.06517417852882305,0.03483138343007937,0.07508771655232001,0.016845283409221104,0.03219540816527208,0.07954643839432188,0.02237381063885438,0.06786121688626799,0.16564992120349875,0.029831266392899482,0.08475271892065345,0.030017346038735987
20210703,0.07548413623571186,0.016487280788244955,0.04785435658380445,0.02494603534897679,0.033532462994565984,0.048485395932951036,0.030024322762432287,0.018825403853246058,0.06641002665133287,0.026202939134830145,0.0784399972103579,0.016790621490671398,0.0334630504804977,0.0815860374492132,0.022854204253957826,0.06395215477228093,0.170107704672057,0.0309392594111588,0.08639879048933695,0.027215819484371767
20210704,0.07838811161710965,0.0168583330246858,0.047786108969233236,0.025794674883125517,0.033656623993428746,0.04894112104040517,0.029528564807046163,0.01893722181530933,0.06797978380810002,0.024565491140220424,0.0816764073582395,0.016992535994931238,0.03251660036157244,0.08213581390950032,0.023378394299588604,0.0624459324007533,0.1701373126746571,0.03135598014253108,0.08075819583243399,0.02616679192712853
20210705,0.07401348177483114,0.01662339439954126,0.04845994465047125,0.025424199038118662,0.032908016698265624,0.048407268723607434,0.032059452694107496,0.01894943638671264,0.06362209411476985,0.03451634394260364,0.07390757564259512,0.01708391321962605,0.03239773207910967,0.08112603629581568,0.022402100113825943,0.06672989007311657,0.16773806449737602,0.03060800251213432,0.08359495625368309,0.029428096889688476
20210706,0.07423123737094324,0.016559497667332813,0.04879241963492061,0.025277616952032345,0.03308152353663588,0.04630626811233025,0.031789139873003025,0.01897743204337679,0.06366419536886192,0.035089802725874995,0.07404563312443815,0.01731475327910254,0.032475127520303494,0.08152348582737687,0.022437740662988176,0.06621067898459032,0.1690192396076528,0.030522321001126656,0.0831939318626958,0.02948795484441322
20210707,0.07483506056623734,0.01658524263107003,0.048737749736217285,0.025164443566778397,0.03317697905775111,0.0485406572667544,0.031546200168021635,0.0190761782739314,0.0633621690423857,0.034878131913892,0.0742574924238887,0.017560185810248173,0.032000655760331856,0.08148516204786402,0.022506452825369515,0.06576701769287364,0.16837872856531927,0.03034058442024662,0.0826885362931964,0.029112371937622426
20210708,0.07541929449790959,0.01639593012150128,0.04917952541621668,0.025011193403840504,0.03313246293263779,0.050987163420997586,0.03103049173746194,0.018980842564636752,0.0642725993150154,0.03482659580072667,0.07632122311379105,0.017191577137867474,0.031627931046947035,0.08176046639706372,0.02277509920557499,0.06561254805094703,0.16684185717828656,0.03058199459501482,0.07910205953823947,0.028949144525323663
20210709,0.07309774935823304,0.016337779221698868,0.049893145490293736,0.02470604678217578,0.03294877540931741,0.04941453809411733,0.030819251701694306,0.018924579249902058,0.06361748066561444,0.03473259157270083,0.07540453321857525,0.01716023372513226,0.03197956023493983,0.08090811823110443,0.022442609064269314,0.06590571914125384,0.16679408577534174,0.030073957521005064,0.08361795991894544,0.031221285623684977
20210710,0.07591585921841401,0.016388384568153874,0.0491870951250568,0.02394741850949316,0.033593640626834696,0.045992512123748386,0.029092926978264374,0.018934266894188943,0.06548540894311602,0.026361999118233316,0.07925915330879399,0.01714275186005416,0.033275867977006636,0.08209039557237555,0.023475122682468173,0.0632653486656634,0.17050788923630614,0.030712702133212505,0.08652177962558102,0.028849476833034918
20210711,0.07697027528029236,0.01672278145006249,0.0486418744662261,0.024302344127052167,0.033694987662665016,0.041521786046123256,0.0283705887287111,0.019053116452551,0.06669799915481435,0.02484960875815895,0.08040605287065783,0.01757380117611359,0.032819572916699256,0.08344343275246795,0.02395541695267332,0.06189894338574679,0.1739649126981351,0.031253870651699225,0.08703861193542041,0.026820022533729882
20210712,0.07572519374242792,0.016498804301694016,0.0486874853856535,0.024486898060259984,0.03297976598985468,0.04038294159827721,0.03029525770708161,0.019199179569846462,0.06317886226827762,0.035125755447733525,0.07525251259223315,0.017505960671135006,0.03275739373046932,0.08317161882915604,0.022942225004975902,0.0668026441185852,0.16963072291573736,0.03053098412875772,0.08546012337289498,0.02938567056494886
20210713,0.07433405047813754,0.016578563706470668,0.04803889580660537,0.024431354908573937,0.03311093080484627,0.041610934221831056,0.030104322704389907,0.019204304478661383,0.06418378212313666,0.035796492136641406,0.07534976054235197,0.0174833467596512,0.032744874650135106,0.0836354671781394,0.022697961907281138,0.0668667283044823,0.16918485272753436,0.03081351283625933,0.08446265277295865,0.029367210951912345
20210714,0.0741097063434063,0.016491003447566842,0.04913587401715682,0.02420912742500512,0.033376959292923364,0.041410496030672435,0.03018759320060758,0.0191699041079286,0.06356842460208123,0.03519883433197493,0.07634219960877486,0.01785625093224363,0.03250537388151305,0.08353476706576574,0.02300418384555062,0.06640205489008791,0.16909360425365566,0.030530780467914537,0.08430313926154102,0.029569722993629824
20210715,0.07295289855326259,0.0161821605748437,0.04839564690540122,0.024161595761283728,0.032879952431137394,0.04722365591288857,0.029662860182581494,0.018802338053261185,0.06326674672909592,0.03475690361228838,0.07678736832159869,0.017540446838094925,0.03232054562994612,0.08287674940758033,0.02351628302874393,0.06550736217696765,0.16725558812736702,0.03059089386496854,0.08138005984993422,0.03393994403875448
20210716,0.07356067458198902,0.016154662639217738,0.048702091072351565,0.02401644329824362,0.03307735897010112,0.04942013345750265,0.029368639636280686,0.018773392207503032,0.0645092306893163,0.0343290974205863,0.07778577860455027,0.017200056567472283,0.031906543199441834,0.082093884727183,0.023462157472592133,0.06616630357998636,0.16597730005447056,0.03046226571171672,0.08219202397350661,0.03084196213598837
20210717,0.07565998691835248,0.0162732137687226,0.04844845528985193,0.023825372263560216,0.03372218987620277,0.04992137206683695,0.027697938751963514,0.018539050771213057,0.06724552940446392,0.02555497521103417,0.08116672036548782,0.017293736156962145,0.035044816548122734,0.08297529954867013,0.02442400733204219,0.0641109313478424,0.16737819025188058,0.031195014104570894,0.08245161758576347,0.0270715824364561
20210718,0.0760040760627971,0.01640580248671011,0.048339053415782984,0.02410734939613777,0.033910881058128645,0.04529034259164318,0.027587233855838104,0.01856866081062464,0.06740817508362032,0.024145186780220425,0.08258919595179247,0.017447622083633492,0.03683390842317828,0.08262752453659188,0.02442299170432725,0.06261122653405092,0.16983776964347194,0.031407035123494915,0.08409146330870437,0.026364501149251016
20210719,0.0737375133778246,0.01646472169882925,0.04862040084131837,0.02472889210662229,0.03349217819569722,0.03839992165632966,0.029968666670051623,0.01908616154785436,0.06365657622225766,0.03436337435979472,0.07915766313619556,0.017493464762718833,0.03457043942242859,0.0837011971835449,0.02345074122125344,0.06665543596720687,0.16878068276988062,0.03125288162012111,0.08271806943334259,0.029701017806727733
20210720,0.07298009576588818,0.016306902665363974,0.048774184344101794,0.024349849181735796,0.033438027145904915,0.038336837649564574,0.030013697133555707,0.018907426416754226,0.06367323611579435,0.034699402297589985,0.07812790641961513,0.017677183889399074,0.03363731860609437,0.08435379287223546,0.02357128344489121,0.06585511354025045,0.16947453710715393,0.031143554745430638,0.08309031396587095,0.03158933669280517
20210721,0.07410931461567064,0.015241833233557246,0.0491282548923132,0.02231708484851095,0.03295204581223405,0.03551540643301817,0.029766031371717124,0.018259060977652848,0.060499223677266616,0.03316620368972049,0.07319628547328813,0.016823127636400894,0.030912846041381718,0.0915221137418626,0.023595363546627973,0.06714396083523504,0.16735131051406654,0.030849836135049408,0.1001278988414922,0.027522797682934204
20210722,0.07381405817860455,0.015677761341149617,0.04674658627990773,0.022341558670557975,0.0328417054064248,0.0403579652049576,0.029402849377734318,0.018641007752514968,0.06214053997884604,0.03347166148872178,0.07410674012038762,0.016837330524229758,0.030815845914155905,0.09060446570115087,0.02286935146375413,0.06856793464560881,0.16817174936914986,0.03017065437916507,0.09484379667924074,0.027576437523737816
20210723,0.07504073157454504,0.015874329312237728,0.04566459169107406,0.023017896543934897,0.03290462927395128,0.042144324538555926,0.02993903830956665,0.018913985454249955,0.06281842811716623,0.03354871546221373,0.07488541261125019,0.016592965657475815,0.030961889436506837,0.09109146232383178,0.02339085979520824,0.06910829855640853,0.16760752271485788,0.030654374357103976,0.08734688151333528,0.028493662756525845
20210724,0.07795364428974287,0.01547360006973369,0.04456841956173056,0.021904234256333414,0.032892556565659634,0.04477220533376367,0.028860587756466632,0.01804828252590649,0.05953936000412643,0.023954820660434452,0.07710546385350453,0.015976245683257104,0.03122134301956205,0.09063016348515984,0.02421189926972216,0.06763142426876577,0.16870922499232446,0.028911433405431924,0.10192642189884044,0.025708669099533742
20210725,0.08107015571176239,0.015764294891894667,0.04326935567247905,0.021804041982587404,0.033285859002005036,0.04550790994590866,0.027893230640908408,0.018218819755855917,0.061930194824840995,0.022240536506957585,0.07794264292190795,0.016055667234337472,0.03009497050309305,0.09148564139754572,0.023866358561080662,0.06830139222915528,0.1696620100087214,0.029615805784900414,0.09708656369501176,0.02490454872904602
20210726,0.08172517617334649,0.015806710219026292,0.04365642766060586,0.022534262379005267,0.03300169199546028,0.046308735403799366,0.02915865403554905,0.01850669652384259,0.06270932845695272,0.03223453444475302,0.07542168360268786,0.016279503926077327,0.0294667624571456,0.09132690993668,0.023887860980145764,0.0707769482426941,0.1621928471351142,0.029819413912212236,0.08775074520773612,0.027435107307165748
20210727,0.08409953602075577,0.01581118745557411,0.04367237987763136,0.02244681201408906,0.032791392014208616,0.04619605233874941,0.029244769430977573,0.018562904880369043,0.06329558376331998,0.032645283553650886,0.0737233323218064,0.0161182796076956,0.029488175273991276,0.09265691519269867,0.024205596930885552,0.07129884534129208,0.16328144457325364,0.030049937117288587,0.08243778682976964,0.027973785461992685
20210728,0.08491089050269081,0.015635020166704167,0.043688537512945116,0.022511456514609157,0.0328468309727114,0.04782125915421683,0.02929580643300893,0.018489475802589857,0.06365321313565328,0.03237165055069692,0.07138143834220304,0.016005362863905182,0.029693102154647093,0.09250515832304598,0.02341966657454181,0.07180583295637644,0.16352006775205372,0.030408911704242158,0.08241112265803484,0.02762519592512321
20210729,0.08337114213680043,0.015513123777547369,0.04375100645880537,0.022047452968875614,0.03268817543841137,0.040676901490274926,0.0295891599865131,0.01835206201239798,0.06219740970013023,0.032082503682441976,0.0703192273661638,0.015514792209177616,0.030144449929121363,0.09243287425110068,0.02254312016633085,0.07300046633241082,0.16725659681932506,0.029189328748581014,0.09252009772411804,0.026810108801472447
20210730,0.0845403754910679,0.015768461674832045,0.04334837126731468,0.022062929201581385,0.033273601825088164,0.03492862707602358,0.02959233956662395,0.0183943598724661,0.06344863610084314,0.03254459881364595,0.07122962299041179,0.015643276788780216,0.03042226666000647,0.0941914147992125,0.02250568616754726,0.07417392717848713,0.16988645580975628,0.030096099837500875,0.08615327821696615,0.027795670661844456
20210731,0.08807574036406282,0.01622512017271941,0.04325336917000775,0.022414465980108118,0.03359420979481804,0.037050543255630335,0.02891365297035575,0.018330194792148275,0.0659809042790312,0.023887615869330036,0.07534051323487563,0.015550528981369981,0.030314644523005082,0.094296683713367,0.02319044898085221,0.0718600506622224,0.17286139697118474,0.03086957739520095,0.0819941674129526,0.025996171476757642
20210801,0.08839713216386097,0.01639282336871534,0.043015873919343466,0.02252243594531057,0.0336886721891681,0.0356754577445126,0.02851831768350366,0.018377944330656096,0.06545174857421845,0.022493537834932083,0.07830747041274377,0.015718626681285056,0.030701497607102918,0.09473797824908063,0.023013138048206552,0.07036994468704805,0.17354201354489918,0.031701915955525614,0.08047975958991382,0.026893711469973117
20210802,0.08604349589902391,0.015910939008659388,0.0431525894324688,0.02219419942058344,0.03348330423300852,0.035550583555806016,0.029313683427688843,0.018214559690061458,0.062660681022343,0.032528545682317896,0.07301292761756925,0.015450509814702987,0.02962950062199018,0.09294821006188918,0.021856549248430387,0.07485947481345137,0.16796106110079326,0.029642520284083644,0.08772620394349881,0.027860461121629557
20210803,0.08623605573902021,0.016038290589979097,0.042916294838557516,0.022786429324875325,0.03328527842662609,0.03828811683292615,0.029854460260823182,0.018245851432237014,0.06414203143687283,0.03285970304758558,0.07201054743014501,0.015506313583760728,0.03012737508009288,0.0917945242020444,0.021934541268896296,0.07420908821186906,0.16874308864666138,0.030040661181433725,0.08295049417523065,0.02803085429036294
20210804,0.08812111512690997,0.01633905293984182,0.043074487414148696,0.023210282162503242,0.033089072068236934,0.03615368766067658,0.02967064964997041,0.01845225722056748,0.06454482305198077,0.03318790318296292,0.07285091976429202,0.015434322018424153,0.030516938454511026,0.09099615438941032,0.022236368027896487,0.0746818059406864,0.1702229635034974,0.03048236944547307,0.07882169877451363,0.02791312920349669
