日期,topic0,topic1,topic2,topic3,topic4,topic5,topic6,topic7,topic8,topic9,topic10,topic11,topic12,topic13,topic14,topic15,topic16,topic17,topic18,topic19
20201101,0.07927721625485012,0.016310373848350625,0.036595903539279794,0.0347883619843517,0.029120110453192277,0.027881337909825988,0.028226780453893163,0.01941145217416361,0.08940944475500366,0.01872903051477363,0.07244449787316087,0.017154250029200752,0.037426539835004775,0.07616570665540569,0.014333105891460628,0.06576414037775134,0.19842477406753112,0.02810812438921517,0.08385016966970857,0.026578679323876676
20201102,0.07959521228435676,0.01704800792214675,0.03783928305581046,0.03774729956859342,0.028709275042558175,0.030395408861204395,0.03057062772055525,0.01975508088249478,0.07699871849290739,0.023852948079751832,0.06764133930205964,0.01756496012221911,0.036111298038268035,0.07863499782902496,0.01392679333718924,0.06567689840795989,0.20208000562365155,0.02872929995106154,0.0793625391346711,0.027760006343515813
20201103,0.07936461031913243,0.01709086615739588,0.03806979204464963,0.03763773906998511,0.028799961415001574,0.02792341124561411,0.030344282589874143,0.019781137196077398,0.07705674819590473,0.02418318156117549,0.06822664895696016,0.017406578617290294,0.036208709702230175,0.07795275593681074,0.014089402789591329,0.06548731908131518,0.2055814655632329,0.02892340657654494,0.07833266584646499,0.02753931713474877
20201104,0.07905105892117308,0.01718673144457892,0.03849407322181425,0.038002505102205465,0.028796828885774176,0.02660271389859695,0.03107958858939993,0.019882149320687725,0.07648002640481966,0.024322632386882585,0.06806901793164097,0.01737979876584753,0.035962641759579084,0.08009383836212038,0.014021560611694206,0.06517113719131082,0.20395979405069206,0.02915488893485925,0.0792757089183719,0.02701330529795117
20201105,0.07855220297255817,0.017116645370550267,0.0383354460016926,0.03785037994954375,0.029007982264016987,0.0281421381713357,0.03049377397728328,0.019762699682853997,0.07612524544659696,0.024189548232528068,0.06855662100050039,0.017434749147026373,0.03614622692347295,0.08007502899802793,0.01396835357002389,0.06572379468539069,0.20316381364141334,0.029041441876525187,0.0787140872954512,0.027599820793208243
20201106,0.07936531146519171,0.016788590631323104,0.038165082334742896,0.02935987693249512,0.029424546889346224,0.02726551170871429,0.03067819357027772,0.01904360137796891,0.08254276032052647,0.02378424867674106,0.07076850249730042,0.017554446653975396,0.03594441742800221,0.07922287648158427,0.014134724941145885,0.06683713325113905,0.2015349017957591,0.028607519333993758,0.08171707732037155,0.027260676389400783
20201107,0.0800422962010101,0.016336899842998576,0.03729949468783759,0.03093787009951217,0.030136847454042062,0.028769863701280943,0.028235703380344836,0.019450852983585662,0.08956835120184549,0.019088409826721397,0.07373263616134444,0.0176687463528025,0.036855642466557266,0.07882426078356987,0.014383075233044934,0.06583710868919336,0.19793413045021832,0.028549735946229456,0.08139865717112864,0.024949417366732368
20201108,0.0805032978531441,0.016517310690659148,0.037475289517805536,0.03494036091361332,0.02992853532692337,0.026453011335521862,0.028070064983159983,0.019421410209992152,0.0865419293298535,0.01829448669696841,0.07286931851434013,0.017085248819365715,0.03697604681348903,0.08069107194130508,0.014434980915820069,0.06373510455201714,0.19706958929568835,0.02890910108747595,0.08513903493341594,0.02494480626944116
20201109,0.08034937818206574,0.017090649696289286,0.038409915675222034,0.037439732332278715,0.029144097166270706,0.025850436785378714,0.030444867803615706,0.019692695693929133,0.0742683556988842,0.02387850859152661,0.06772541500334403,0.017354292453721682,0.03591732441098081,0.08101425902904015,0.014070173437570128,0.06499430352413267,0.20344480552050287,0.028860494923527737,0.08275261094384026,0.027297683127878933
20201110,0.07922257423882148,0.016807179188377642,0.037804126970655334,0.03688239564559557,0.02883661536882352,0.025507095657517558,0.030723136235057118,0.01961426295389991,0.07403070421995647,0.023664772019549737,0.06804755886884696,0.017161414512101913,0.03522437231672457,0.08116411924926531,0.014481650526194713,0.06501570231561593,0.20612604094549386,0.028491913158638863,0.08194863822720819,0.029245727381655377
20201111,0.07946407873870584,0.016693645118835136,0.03736125987229148,0.03506699626800885,0.028560461895223738,0.02689642107935217,0.03025780048487408,0.01940456344854576,0.07322200532936368,0.023873913103961426,0.06793377158675439,0.017064711634580076,0.03500535721174508,0.08056991566198814,0.014935478577279853,0.06408519797744126,0.21227401095735884,0.028244717389823364,0.08117342876149905,0.027912264902367853
20201112,0.08083289306786179,0.0170533508108982,0.03824587218909178,0.03446205281066945,0.029235978696174263,0.02737936236835212,0.03091815730529112,0.01961745914908269,0.07591655209249283,0.023892989837863483,0.06912538615711844,0.017394763955093408,0.035837484478477726,0.08182141083828366,0.014251621469505078,0.06503745973495448,0.202955488879219,0.02885790049802286,0.08017571110453718,0.026988104557010385
20201113,0.07999224411779927,0.016738532619521025,0.03830644422783406,0.02802465801744944,0.029654993865705224,0.02691751956673152,0.030801382680624833,0.019051726723916772,0.08281165062358492,0.023582898301415283,0.07192230999819695,0.01732534924903532,0.035369845258034514,0.0815587418451556,0.013980597530211738,0.0671765540702375,0.1992439797004888,0.028956600572735493,0.08107980085220494,0.027504170179116827
20201114,0.08028860892148383,0.016364501480134,0.03738184023759511,0.029758192008411774,0.03032071844131753,0.03126060884524055,0.028448364771273195,0.01923905451355297,0.09009604694076577,0.01883795453764795,0.07517961277778892,0.01732054127131216,0.0366485795319948,0.08013403206523723,0.013945360038996121,0.06652859587385465,0.19458475878007214,0.02875534568620097,0.07982270078116682,0.02508458249595337
20201115,0.08054786166643622,0.01665076995623553,0.03752011253611042,0.03348786200311628,0.030170296015556226,0.031208363967472782,0.028083481124972297,0.019443115612769197,0.08861698645641987,0.018209887561565875,0.0745576274263354,0.017257091111788612,0.037484615672819736,0.08040796711499468,0.0141569329186576,0.064227832679207,0.1964299559866204,0.028889781356418818,0.07725452149982523,0.025394937332678023
20201116,0.07899295679876556,0.0170853954590329,0.038687366723553065,0.037689968611627385,0.02932604752258001,0.03631330289016151,0.03022448960393053,0.0197095557119466,0.07491189096406707,0.023711620087518467,0.06909885168130145,0.017399245635899185,0.03666525782128352,0.08139772497280172,0.013703288357167888,0.06425414826904015,0.1965251125611369,0.028908193479515117,0.07702654756932516,0.02836903527934575
20201117,0.07812535629053083,0.01703770883889955,0.038453725609101874,0.038208047022674205,0.029487358266520443,0.041658573969718636,0.03018153647962462,0.019886128270458173,0.07592365794252855,0.02401575148758609,0.06899407590997733,0.017640897846576617,0.036039012617960095,0.0813944450947053,0.013733738206160051,0.0638758966423459,0.1931887289373915,0.028654722865145962,0.07609056803763742,0.02741006966445687
20201118,0.08102627214907318,0.01687646655609383,0.038594319976636836,0.03835581136633325,0.029412606093441693,0.04334993924256191,0.03006844191413793,0.019702613231642817,0.0765762919257639,0.02368373095997201,0.07087258159123799,0.01748566694350887,0.03618551218036484,0.08186015502824692,0.013871350543910005,0.06593293863849194,0.1901668426011925,0.02875730438622468,0.07065987500428911,0.026561279666875798
20201119,0.07899655722026569,0.01684643035911029,0.03938777248754394,0.03836440308899838,0.029449882823555606,0.03627485228264603,0.030529122512289963,0.01961036570839273,0.07502773496811864,0.02413386288395471,0.07028624640026908,0.01742855128990799,0.035952340663760414,0.08129217455200664,0.013925966249976949,0.06451226531593743,0.1960117213044001,0.028717375329477095,0.07652678835105667,0.026725586208331504
20201120,0.07997060444811936,0.016314139146671156,0.03877796964733962,0.0296992010503742,0.029517614188843713,0.03751283529811803,0.03031947715959725,0.019061142972329068,0.07996643676519556,0.023748932568983083,0.07012142262319733,0.01715659510131382,0.035230464401980945,0.08193871979401085,0.014068438139074995,0.0661407739141305,0.1926364030230076,0.028551101683533368,0.08156445520352999,0.027703272870649585
20201121,0.08399554174510139,0.01617971649737214,0.0372919622037952,0.03134413576983201,0.029940549215704174,0.04170242237440342,0.028376435741444925,0.019252229109924503,0.08863481375212938,0.018707738648370904,0.07371415586230297,0.016974768898914097,0.036183185315794585,0.08229602886750417,0.014234476536286454,0.06611255337646536,0.18866728372063168,0.028798116318987627,0.07328555449406507,0.0243083315509702
20201122,0.08413448158426144,0.016543734154232922,0.03774112446808673,0.03540171476634008,0.03003760426552281,0.03373949855923874,0.02844445353219565,0.019469830774510453,0.08584138909194597,0.018138434535635063,0.07354639236310724,0.01707600611806455,0.03655484594861772,0.08185007805333404,0.01445029190555728,0.06455994590257,0.19597156519552708,0.02900434898455818,0.07299905942498543,0.02449520037170862
20201123,0.08115227313707507,0.016916008875409286,0.0389097093373658,0.03900385679388569,0.029214251559407187,0.03184157016402135,0.030769851513264036,0.019752636713554813,0.07335734277161954,0.0237955789062019,0.06829587967880611,0.017149886009992343,0.0359748767274692,0.08323107438522097,0.014145719336864482,0.06573844998212497,0.20013441288804854,0.02898525882923593,0.07493229126586966,0.02669907112456308
20201124,0.08022287394192648,0.01707168683152243,0.03881912967613714,0.039715832352628364,0.029219984139319557,0.029821414680643688,0.030922313861606418,0.019989469366578368,0.07498933068336212,0.02407069173640658,0.06882261347153996,0.017121984050460327,0.03608465669334957,0.08265785457218522,0.014090166385307863,0.06576234452677203,0.20030134995446092,0.0288194474350889,0.07458276041804361,0.026914095222660552
20201125,0.08020438890462203,0.01705261975014425,0.039093625889932426,0.03946756133480592,0.029443767224074706,0.032267010053015445,0.030898881325351426,0.019817762059944684,0.07393861865165194,0.024013367965727842,0.06887775518564848,0.017287781380315958,0.03581749265235885,0.08157233151784891,0.014174922493745525,0.0652129462829698,0.1982925771247981,0.028546034500462888,0.07659869798898425,0.027421857713596502
20201126,0.07996439273628755,0.016928883316830283,0.03901611341620493,0.03944889001291756,0.02929965284412116,0.032492157324267634,0.030956359179444424,0.01970290006670988,0.07461278119004608,0.023844602299024662,0.06933645543286969,0.017453837904692727,0.03620740576217122,0.08234281091088773,0.014260372602287609,0.06537770836849609,0.19840818735469212,0.02868095512004162,0.07459911964643781,0.02706641451156932
20201127,0.08059961201776186,0.01667355431211536,0.039193443470150885,0.030208919408560776,0.02957160095171307,0.029682514958836958,0.031022161899135925,0.01919815650984194,0.08174074240764663,0.02382938939445749,0.07125762333952541,0.01722528173462585,0.035448599219898125,0.08100341346533539,0.014230801064613656,0.0669111409786485,0.1997307425618367,0.02861782420916041,0.07627922744177612,0.02757525065435889
20201128,0.08163393937576235,0.016505777278920764,0.03836320831554526,0.03201890061343842,0.030140608495834408,0.030122933937852488,0.028901028923702124,0.019569519043475404,0.08862314763346205,0.019138027320820032,0.0753290128912862,0.01701369694971635,0.036173266365531656,0.08067917745799652,0.01448189940590141,0.0651472424120636,0.1969042942924945,0.028688200481517486,0.07507568005593909,0.02549043874873984
20201129,0.08223263905229332,0.016692157501729473,0.03843017799370944,0.036081971088915636,0.029972990026720405,0.028555096484255287,0.028693551295556844,0.019724784008408228,0.08730699010551674,0.018441007026867372,0.07482869528523785,0.017148528338958153,0.03704742495694882,0.08080723166904591,0.014495559325193096,0.0637589658640587,0.19826227301149946,0.02905809051361538,0.07406182656652323,0.024400039884946698
20201130,0.07942251946823338,0.017100027240568742,0.03944793005865,0.03951455193345856,0.029154023173399407,0.028985313812878388,0.031536414394279934,0.02009124283680637,0.07443255853193056,0.02400259452663632,0.06962589349239542,0.017430656711497784,0.03586319128262901,0.08167692238956456,0.014230766861092063,0.06480120943916047,0.2013834585057197,0.028575938177755267,0.07460861701226937,0.028116170151074708
20201201,0.07725256625284485,0.016799292682481492,0.03918377442294898,0.039359616845183264,0.028923560909235826,0.032714514275408266,0.0315830512269353,0.019828363034567528,0.0740658407545635,0.024336341994221904,0.0708517162628398,0.017351436763823832,0.039149169976560906,0.0802077661657792,0.014181709822086812,0.06403410500519513,0.19704621095348454,0.028234065382389505,0.0752444407528263,0.029652456516622874
20201202,0.07781806061107352,0.01676502431858643,0.03938565902819368,0.03904862564059256,0.02898507467394338,0.032826655265906786,0.031384274083438,0.01982163886444119,0.07386016438854359,0.024383761337832547,0.07113307147034416,0.017281343429016608,0.039991482695574114,0.08056515431230164,0.01427095422087909,0.06395864582752403,0.196686245457562,0.028566178433921712,0.07470583342381854,0.02856215251650647
20201203,0.07901821169781965,0.016711352985000146,0.039682121126668704,0.03917366689231507,0.0292494885455028,0.029891237421886676,0.031230535499146887,0.019872943806689858,0.07422510450293672,0.02423259146162456,0.07156665588658256,0.017239691092156232,0.03749331054230197,0.08094250265556316,0.014343147200267515,0.06424922447602109,0.1998898887030975,0.02847769759510252,0.07447469152611852,0.028035936383197874
20201204,0.08006509588041669,0.01650013722831421,0.0392904087677186,0.03028064990209617,0.029422520740061575,0.02844337482400797,0.03135227949506531,0.019401223261133256,0.08142562793395912,0.024165747222502046,0.073856508043502,0.017216658856534468,0.03637941040342909,0.08048232142659358,0.014588378011590719,0.06554680825134565,0.19958331922154032,0.02835052986063582,0.07612635448505221,0.02752264618450123
20201205,0.07984453995440187,0.016289725490970634,0.038415509751684764,0.0315172065786588,0.029932399617947913,0.027181776346260737,0.02927745174449928,0.01963939555688558,0.08994098333791324,0.019498714757066764,0.07760417947912636,0.016995770555041975,0.03698127728031556,0.08090418103499979,0.01494903689520355,0.06409116640410589,0.1965401850104185,0.02844523565123297,0.07638402782166141,0.025567236731604437
20201206,0.08055779481492166,0.016406065107985705,0.0383018655411598,0.03594503675516552,0.03000304434087728,0.02974759832988377,0.028818464551108137,0.019735809334136944,0.08753520215322744,0.018716494093028085,0.07717084066826665,0.017408064911893284,0.03741374594040571,0.08108172261382111,0.014757033952519254,0.06253551376291074,0.19416093204905369,0.028788090906260232,0.07586768063124605,0.02504899954212896
20201207,0.07820790672626181,0.016915696743703027,0.03953113622173071,0.039451194245219805,0.029135444352421137,0.031119356850941558,0.03162547205704589,0.019893694187558642,0.07521938527366545,0.024125541709926118,0.07202355858112368,0.017681528243818887,0.03674542760827079,0.08101185322789044,0.014303396067707743,0.0644950514881465,0.1990801539222338,0.02877569814401592,0.0735767610782623,0.02708174327005581
20201208,0.07837112290065397,0.016765502307530742,0.03950116538518967,0.03933072345792085,0.029015818066861862,0.02907015661072137,0.03115792981191125,0.020055102104173723,0.07732515200180054,0.02428313691675113,0.07276314844676295,0.017269258892042175,0.03565330431183025,0.08128680984510421,0.014206237098314218,0.06396200767688605,0.19931168266531327,0.02859889118101556,0.07387536643029552,0.028197483888920693
20201209,0.07775377239716885,0.016766555318313267,0.0396825868542225,0.03918400061265282,0.028991110720933244,0.028281897047987274,0.03211772016468016,0.019975591062894347,0.07664730733831777,0.024218620407088002,0.07214458091802035,0.017309518894659155,0.035588434548545794,0.08076401747011855,0.014298622601384928,0.0640520755523029,0.20058793454978535,0.028553357732033824,0.07526253005067685,0.027819765758214127
20201210,0.07849677760207606,0.016609180989721643,0.0395966096567247,0.03896355256656079,0.028813650313487663,0.02791369205503869,0.03225898547061696,0.01989133405391981,0.07572425536532268,0.02431042083970726,0.07237480883313924,0.017331429475864392,0.035612192954342536,0.07989220571115523,0.01437739506706573,0.06356865638325823,0.20113640457727386,0.028152541703980287,0.07579141340284667,0.029184492977897637
20201211,0.07877935527215119,0.016404106744677696,0.03915686492455276,0.02994187361367437,0.029181669071394963,0.029626608765048763,0.031314151896307034,0.019188179520209046,0.08267361217851181,0.023935930689077598,0.07441803148676455,0.017320831096121758,0.03570791417667736,0.08040138628035784,0.014555671334278144,0.06463624617636367,0.19918488799893155,0.028057551483864643,0.07803526464798126,0.027479862643054118
20201212,0.07917874203555766,0.015947240338729546,0.03797040463562712,0.031019694358306982,0.029562352636114963,0.0354023380504659,0.028607899611354074,0.019477278494018,0.08870688318186527,0.01892903510666752,0.07810501175048493,0.017155738677354884,0.0373156641487984,0.07808981128546552,0.015164608244945732,0.06307790731549025,0.19541933541421785,0.027857265138494045,0.07821453095601118,0.024798258620030204
20201213,0.08130286228948108,0.01622462671291686,0.03847842596767823,0.03607238773528253,0.029724237835559175,0.03436507491011473,0.027948067573303592,0.019648837002859347,0.08770433272520288,0.018300477926440968,0.07868448318850099,0.017424617960194257,0.03654520844429228,0.07951842377236716,0.014839976447715538,0.06229187117880593,0.19371665885670836,0.028372058983520188,0.07452087621864062,0.024316494270415337
20201214,0.07948540615336627,0.016524795410025994,0.039751513347151435,0.03923606730720644,0.029099290717656514,0.030354316749060393,0.030380255571945063,0.020091201684038974,0.07515340173902124,0.023983559876379016,0.07365245321991576,0.01782485498821889,0.034942674964272884,0.07966480407160484,0.01416701927010304,0.06374089989147552,0.2010861472960352,0.0286939637336155,0.07541385807700063,0.02675351593190638
20201215,0.07809353565306318,0.01642823906307891,0.03983405170121438,0.03960457868349465,0.028918723879570857,0.02908884310198025,0.03015773454929325,0.02014217099378144,0.07490443087368749,0.024273829835218187,0.07408910080658096,0.01762485022560146,0.034768211995726765,0.07935013558700589,0.01422120448958796,0.06353221615198162,0.2011008337816675,0.02875484608761648,0.07510541297391511,0.030007049565933763
20201216,0.07917661702209235,0.016339610097322054,0.04011554898937144,0.03970258952394038,0.028967840044878637,0.02839399671876532,0.02989540777830128,0.02006524012524134,0.07476929897900797,0.024306516397333344,0.07438296914851404,0.017582549836991864,0.03446684121745143,0.07970053806498356,0.014356227670975025,0.06359249906412201,0.2012380414068006,0.028757617149031713,0.07551984979043573,0.028670200974439987
20201217,0.07758557181073973,0.016458767153791357,0.04074083930837953,0.0376272234181143,0.02890252412364082,0.028529765503426133,0.029943698868873023,0.019811187998271144,0.07320694999430971,0.024663342033682624,0.07372917391819536,0.017727581485705024,0.03366292506605845,0.08026110219438459,0.014461745207191574,0.06232480903762511,0.2086520090484095,0.02959194466557258,0.07494570595036658,0.02717313321326283
20201218,0.07488106335809531,0.01748821114698039,0.04303104565616555,0.030794405440143093,0.030150191059596012,0.029176382046313325,0.029926968239825037,0.019804449274717324,0.07705744073548162,0.02443748768710166,0.06832465746117937,0.019458503623881903,0.031643008120473805,0.0752157406855044,0.01626511568881906,0.0569950710399004,0.2292788621393259,0.03556411692754862,0.06501438324350993,0.02549289642543727
20201219,0.07779189589360931,0.016991177538917053,0.04212932884226101,0.029813092291844086,0.02913994408529008,0.027060959901144783,0.028032433445906595,0.01979362643332018,0.08358554556529675,0.01985119425243917,0.06836134778652388,0.018594354155749046,0.03149931135978743,0.07522359925851578,0.01610228620844406,0.058600474899486235,0.23625230196191024,0.03302296591856157,0.06445941230072727,0.023694747900265527
20201220,0.08067324965760429,0.01610544527064816,0.0392115148564071,0.036126292480580184,0.02969898765092707,0.027340326190903482,0.02693354296182155,0.019846886945580417,0.08697360307048395,0.018552946232455014,0.07868306496110966,0.017954060376035582,0.03595904546876932,0.0795360775100733,0.014687550008641841,0.061952569844660924,0.19832347556310576,0.028519574224578858,0.0771011798951353,0.02582060683047819
20201221,0.07917843159928173,0.01603841502378351,0.039891765750914944,0.03983313310584108,0.02892196616619238,0.027518769813680698,0.02946192441962585,0.020292396336882717,0.07523772234807784,0.0241669675671538,0.07374926350715579,0.018511306696495727,0.03572523220851919,0.08102018390161876,0.014432528991187138,0.06340489733830904,0.19992795023673016,0.028596014243899574,0.0762441201329765,0.02784701061167361
20201222,0.07908419924932789,0.016236680531427072,0.03967152255069845,0.04042307809661098,0.0289978851049089,0.028188373248717164,0.029160983179619206,0.020268638602093148,0.07633715484980746,0.024316842142433424,0.07325409460120122,0.0180376577957714,0.03537642661747081,0.07969617858902353,0.014359262107530425,0.06518394924160198,0.19896043095987848,0.028491059430994437,0.07611844124048818,0.027837141860395844
20201223,0.07864379142122191,0.016246809106056866,0.03986464415381122,0.040134844082183034,0.029003650401574106,0.029280682941931518,0.02899618781267358,0.020168886054229743,0.07555743170468034,0.024401910972869218,0.07389527323457334,0.01816775803259892,0.035184058562191665,0.07995087030258864,0.01438856243632214,0.06509060996262224,0.1985339147054512,0.028682170643931443,0.07624975624394774,0.027558187224541137
20201224,0.07802533991011684,0.016186307185651297,0.03997482211538994,0.039596569151281735,0.028872705891986056,0.027352203284830533,0.028847608346521177,0.01980207064963393,0.0752638956303584,0.02419686897142409,0.07611148759478685,0.018496183734252068,0.03808889423493577,0.08076099178472894,0.014346149782148338,0.06393582487204609,0.19776147968299315,0.028381827261041388,0.07686752920824168,0.027131240707631774
20201225,0.07673656031217423,0.01591779756805806,0.03940526321147683,0.02988447341846568,0.029179820901413845,0.027331763323133963,0.02863959010383648,0.019192844758981212,0.08484640737528895,0.024176143632468484,0.07757287869424015,0.018306859574502024,0.03802435987283151,0.07950288371093095,0.014474832166988631,0.06506146503028525,0.1966002969518325,0.02793927543846127,0.07880420497913353,0.028402278975496506
20201226,0.07916606124821764,0.015859656285675563,0.03872464536424134,0.03195538583280405,0.029775725595332113,0.02848338724167264,0.026885619498679028,0.019893436453005297,0.09203873034137512,0.019358255493923462,0.08019213458723694,0.017977120897021043,0.036360373824612484,0.08009463980378853,0.014441448778595609,0.06365242505800538,0.19426309247522472,0.028554856365226918,0.07658945035657286,0.025733554498789245
20201227,0.0797997352141032,0.01601720767835652,0.03876747241648757,0.03682271906015574,0.029756844072554144,0.031192675810875013,0.02644146073156036,0.01985017778471272,0.0900097694559053,0.018692932663133783,0.07936528952115107,0.018185862183245027,0.03625203111266548,0.07971224181066602,0.014525866842022409,0.062084568061206415,0.19393962918925112,0.028506115793335632,0.07482679662638497,0.025250603972227482
20201228,0.0778170831105594,0.016053743123324946,0.03937739719121162,0.04011650401217736,0.029390583143861383,0.036127133027712484,0.028407930264801994,0.02013462114965731,0.07833856170499033,0.024064183910465158,0.0741955480970264,0.018549947935715048,0.03454504592647599,0.08013050241770855,0.014162919292892512,0.06334373389025666,0.194475316194552,0.028221731648472574,0.07445986911652751,0.028087644841610727
20201229,0.07833105245763683,0.015877368371202318,0.03913772546222005,0.04020913160524,0.02877253689866845,0.04011456323001171,0.028342344941834977,0.020022273166585614,0.07838358548770633,0.023918038066847343,0.07444974242605938,0.01874707730105089,0.0335431046051857,0.08071628394847996,0.014513912918153776,0.06404032845317438,0.19393338459537926,0.028233241331781782,0.07158154450691767,0.0271327602258637
20201230,0.07740245303785685,0.015956637024582467,0.03957232450136658,0.03840794153563128,0.028800470021101525,0.03662508646996633,0.02800895782091457,0.01985522896529411,0.07801311998943393,0.02391548230921052,0.07609582786213842,0.0184212639448554,0.03342914822336838,0.08064219282496872,0.01474097179444714,0.06537294091199619,0.19636730086157786,0.02795637437378631,0.07292055469648916,0.02749572283101439
20201231,0.07595770212927025,0.015610045593832191,0.03895357641928957,0.027006983941398638,0.02914973841030977,0.031144733453436768,0.02733501789997574,0.01892402887681828,0.08609802715895766,0.023676135890936117,0.07977397287399571,0.017856390947646343,0.03954746820510078,0.07930080349908472,0.014648971174034587,0.06548698742954842,0.19549928035606884,0.027180638781835083,0.07937491522569873,0.027474581732761617
20210101,0.0781258220950868,0.015573408245875026,0.03756596583126765,0.026783523670534524,0.029697933244131437,0.027610843842273226,0.024622406221139703,0.01967033806102141,0.0954414605490152,0.019141149287112497,0.0823370732757549,0.017762509604940056,0.041082308761446314,0.07917599684778398,0.015146258026213787,0.06310116710997388,0.1966871401337662,0.027215933567294057,0.07603796121351881,0.02722080041185044
20210102,0.08088544564500147,0.015860517038343337,0.038694344634352416,0.03129052762187458,0.03020155093831625,0.028208721655482806,0.024995728885322192,0.019622462702095226,0.09268003936962144,0.018528498409180125,0.08038284491756904,0.017909472583475854,0.03695433562335415,0.08122696871833562,0.0151058042173376,0.06298557710493559,0.19669406440465664,0.028396027449468043,0.07321367847205222,0.02616338960922563
20210103,0.08154122276620862,0.015931697919079994,0.038907233626634216,0.0367233642698897,0.02998834147499795,0.029271109088634537,0.0257884367254641,0.019762455666412597,0.08885035374242659,0.018716396186760728,0.07769012664348783,0.018071814135460725,0.03545883704715904,0.08064842147049507,0.015179002786907309,0.06281873415133578,0.197272434332826,0.02878075592520221,0.07302840668929636,0.025570855351320643
20210104,0.08023876966945437,0.01601774116441753,0.03966631733282858,0.03938764954384977,0.029139903934863907,0.031389571552006924,0.028269862574950212,0.020141887014339725,0.07699286863092288,0.024467948837669038,0.07218970507328308,0.01861559813611665,0.03392969927578436,0.08178060316362559,0.014806168237630774,0.06420639454487374,0.1978977555050495,0.028997202694937725,0.07411750845039652,0.02774684466299902
20210105,0.07865795501495618,0.01596539481517421,0.039023782043356964,0.040007798036140366,0.028976093153223238,0.03548410753826306,0.028105073144308167,0.020015197995113927,0.07667207551658144,0.02462724917008061,0.07172366080360386,0.01889461621050177,0.03395767900404676,0.08097337025954407,0.014811643939044897,0.06469537508224259,0.19735647577884088,0.02881411298658564,0.07312319745134441,0.02811514205704706
20210106,0.07931905857559768,0.015842860516241362,0.03967742922682859,0.03887246703326048,0.028477370991520812,0.04054310397857911,0.028207171028825025,0.019849577392062414,0.07639945830420672,0.02417325996940919,0.07166830881303042,0.01861227543509156,0.032831539073916886,0.08298723960796307,0.01492451936906526,0.06597637889554425,0.1938247391924285,0.028731383984513945,0.07238655710280227,0.026695301509112458
20210107,0.07893256483971403,0.015803721596432986,0.03914785428609304,0.038173503429179766,0.028437503069486583,0.03952214176132828,0.028093174156621274,0.019936448412541555,0.07667283205890235,0.024261756052036555,0.07121209486226439,0.018372794585399074,0.032626527511138925,0.08332560487234343,0.014839593145518784,0.06628261165762979,0.19675087415947276,0.028830772472016056,0.07223037933745644,0.026547247734423983
20210108,0.07947645062868026,0.0156485015784274,0.038682171407127326,0.0286955157663916,0.028869205223993825,0.033877116350448634,0.02807063006816175,0.019231765843770517,0.08347048083988888,0.024040158949504932,0.07301870374425425,0.01831902623812689,0.0327878357391178,0.08333833178031501,0.014978333460676615,0.06808929467418896,0.19619641158730727,0.028591651374683093,0.07605769738885519,0.02856071735607981
20210109,0.0805583999135041,0.015778530594007,0.03828860090603898,0.030649742707027226,0.029662208144954683,0.030231201298243037,0.02674762618221143,0.01969064831223787,0.08950105103165812,0.01919143679841288,0.07541632541713242,0.017877955156014168,0.0342273398776334,0.08351559412502828,0.015263782092702481,0.06630708357763157,0.1961368074457117,0.02859624825878795,0.0762017781996829,0.0261576399613799
20210110,0.08195431799641313,0.016031917910804355,0.038154849270246254,0.03469920155178047,0.02982921991885042,0.02973983094756784,0.026344774017142882,0.01973668929249772,0.08841924997448722,0.018632203672877417,0.07553523151562384,0.017898460454321658,0.03403576642847485,0.08442598079613367,0.015363009444231331,0.06549429390922157,0.1970972093431068,0.029045289456001037,0.07192248785661916,0.025640016243598296
20210111,0.08019881841282225,0.016041938698734066,0.038980438283134085,0.03532919869278468,0.029268478901877483,0.029257275518542188,0.028420456625761373,0.019755222072298143,0.0793119442312493,0.02395281243396918,0.07185744454576634,0.018360737132862303,0.03341317546809012,0.08437207366526209,0.015141624390430175,0.06711937670121762,0.19814555473042586,0.028971502410320607,0.07483936490187795,0.027262562182574116
20210112,0.08003642762529804,0.01590107821775891,0.03866775749418482,0.03258196888458865,0.029414778270655164,0.02799843826859532,0.02820314046739998,0.019788305699188772,0.08068149272583702,0.024116618955847262,0.07199713430772914,0.018253342727207727,0.03311491478259036,0.08610193016353701,0.015160010720286075,0.06783487152622264,0.19774441605200765,0.029031760944244974,0.0764194853419095,0.026952126824911004
20210113,0.07963695894912662,0.015900444086293184,0.038139144590633486,0.027209469027081743,0.029610898362152138,0.029050183316644523,0.02832028992448825,0.019611649633868102,0.08541900450195443,0.024221533348880886,0.07330955875982363,0.01818851984206097,0.033275208234994635,0.08537969101985107,0.01549790995842075,0.06899660426424672,0.197720622679286,0.029016636246211994,0.07477562726288517,0.026720045991095724
20210114,0.07884815691244038,0.015737629315990986,0.037417918801266783,0.02402529100045556,0.02935077328006559,0.030850542128895375,0.02894306801394564,0.01927454320084717,0.09226624963960793,0.024075304344595105,0.07353836878622612,0.01790276317504331,0.03323880940294256,0.08503164948499232,0.01560135719955851,0.06984594803937927,0.19287856146204554,0.028868505542733545,0.07596814942582315,0.026336410843145138
20210115,0.07919710626053214,0.01570198222163697,0.036886284386459266,0.021601318207115156,0.0294261904923313,0.028827141030512093,0.028404231206369663,0.01919168862067443,0.09547367154723828,0.02394882961737671,0.07427147881378092,0.017665566714161474,0.033982863727317215,0.08501787490716715,0.01566559596352835,0.07151640869314775,0.1914026394128147,0.0286154047684483,0.07404188322103544,0.029161840188352637
20210116,0.08157771480809521,0.015864896465990784,0.036879862435342636,0.02197335157814625,0.030068821894207044,0.02759222194531407,0.026794456824198492,0.019263970793086654,0.09968682833861628,0.019303690712595373,0.07711639641829562,0.017897360970803283,0.034307865836767835,0.08437642425809054,0.016217175235524524,0.06942064365848914,0.19459747059343774,0.02909147972065835,0.0719783618679435,0.02599100564439636
20210117,0.0820586827747579,0.016048243017436688,0.03673074245018073,0.02285147641554574,0.0300715194000991,0.02693686983870142,0.02637992284442572,0.019519211362149715,0.09953312947848834,0.01845708880625117,0.07745143842801336,0.017998478327607356,0.03434666938469407,0.08324033817798444,0.01639169207269956,0.06849274791278677,0.19675735357934954,0.029256941924921082,0.07246288992386728,0.025014563880040083
20210118,0.07837043674660374,0.015849903448907937,0.03678429081406687,0.023909005276523964,0.02950477147916434,0.029059540411461027,0.028452205010091637,0.01963123411503848,0.0940282038355323,0.02388665843674434,0.0755036874444182,0.01816523811273524,0.03697317625108286,0.08262453049380727,0.015623724343253431,0.07197512638594684,0.1914431442793635,0.028963450614186,0.07175137061460418,0.02750030188646802
20210119,0.07795207824178813,0.015925065351427594,0.036927085762994034,0.02464051590788382,0.02952587945330905,0.03073295291648312,0.028297465380948024,0.019560692601809728,0.09269072136820376,0.023816655073653374,0.07700405722199538,0.018177993958785832,0.038204505185465365,0.08175949390043323,0.01542674252770284,0.07385989176487376,0.19075081227979368,0.02942809333380453,0.06843259256070933,0.026886705207935204
20210120,0.07823086572925259,0.01583472746609449,0.03715923324262662,0.024699315858218062,0.029627872738860906,0.028352716288807395,0.02845528099377992,0.019847366348076118,0.0924926920313674,0.024014449584860674,0.07509013292361237,0.018154742803128763,0.035891860790363064,0.08251832074203233,0.015485405337314425,0.0750849618514514,0.1928777888270232,0.029011731475669038,0.06945120157995037,0.027719333387510803
20210121,0.07876367364806762,0.015765216946864714,0.03702460029083314,0.025210534598640585,0.0297987746609844,0.026863829350027936,0.02877793959346988,0.0198899992153266,0.0930694680291902,0.024039378400627604,0.0750178366068861,0.018059176726333486,0.03419847758880873,0.08354923868382877,0.015323244960128076,0.07630881406088415,0.1923193417124972,0.029020396070875525,0.06975398215167661,0.027246076704048737
20210122,0.0770224038101331,0.01584054791915747,0.03689495929651691,0.02496104149767738,0.030099915902588207,0.0268306684277309,0.028701561801785857,0.020097053970355255,0.09325421055805892,0.023861617040479538,0.07764102730882995,0.018113210456068986,0.03483090431712585,0.08164216545199818,0.015411020147480475,0.07530718435289681,0.1931356933780976,0.029635099451637486,0.07009261231189746,0.026627102599483702
20210123,0.07919023448826645,0.015969331644915832,0.03671243153174796,0.02519351236152041,0.03053692489756233,0.02714702166379687,0.027247151986764483,0.020580763173647685,0.09617062494413524,0.01945646444423721,0.07934638434951395,0.01777526011295931,0.034640269447227895,0.0827728110807515,0.015689253657606917,0.07112397645714821,0.19615969368274505,0.029664059837982232,0.06953243449753511,0.025091395739935428
20210124,0.08102941797599658,0.01602893334024778,0.03658637665341058,0.02520173090315549,0.03025342177935953,0.0323788148006648,0.026762673847072885,0.02059072532174225,0.09785150833120533,0.018321793195021998,0.07833028891745351,0.018004095087291942,0.03482513650899476,0.08150131270896332,0.015697255153661254,0.06967935925148537,0.19599992663618965,0.0294175000394152,0.06705836676224583,0.024481362786422
20210125,0.07863355656057233,0.015944810430107575,0.03661317129156823,0.02597769130233233,0.029548398286949263,0.03364779133508719,0.028615717713658808,0.020703149576829213,0.094261409652364,0.0236000578620706,0.07529629790478523,0.01812253405862652,0.03453303247634819,0.08112565207051352,0.015061846804934557,0.07228427987901595,0.19231365409644965,0.028818861205631964,0.06753839246792302,0.02735969502423195
20210126,0.07704631315868626,0.01605401457624285,0.03699438213399039,0.025663765581289744,0.029924096473750533,0.030414747294030174,0.028027570319180604,0.020420434694437738,0.09638523730509864,0.023934312043214608,0.07562475935915011,0.01828305600330661,0.03469364034402552,0.0802709036019774,0.01484190420810309,0.0729147009600822,0.1922329080364679,0.0288293156644998,0.07061544079009696,0.026828497452368868
20210127,0.07752660467612925,0.01593883465827676,0.036731789240194566,0.02597984579991884,0.02956876363526239,0.03061955243636353,0.028375157127670674,0.02020122996767057,0.09631821116245236,0.023956136322716343,0.07529011990664904,0.018087876974702436,0.03476593457034418,0.08042860272737659,0.014980146342622003,0.07417512521937894,0.19139371214109652,0.02873446576187532,0.0701984417442401,0.026729449585059663
20210128,0.07817413595183274,0.01601662617581771,0.0367176744882426,0.0258771728643278,0.02959523771601908,0.03243018057542961,0.02764585419508901,0.020201200904076712,0.09708943300982187,0.02385149190605076,0.07610001852197366,0.018178709096127184,0.036693110123354834,0.07937219969112169,0.01497341977319292,0.07386236615614418,0.19127704132420412,0.029213491647670495,0.06573904851119221,0.026991587368310692
20210129,0.07665958122877224,0.015879306844520383,0.036897972015569616,0.025526507040746788,0.029716864815356788,0.02797249555169675,0.028095785550498523,0.02003491470495421,0.09717440176269357,0.02386372602821675,0.07623598064143525,0.01806638562644632,0.037844118441289966,0.07914430888552791,0.015151179565118987,0.07368378500873528,0.1942964876110428,0.02902475878287758,0.06757970296726383,0.02715173692723663
20210130,0.07898291532858427,0.016216355060671917,0.03668496747758712,0.02482988224228019,0.030227887738054158,0.028374920964920124,0.02663847454909012,0.019556547158112732,0.09970078432844866,0.019126427220449486,0.07749013966166092,0.018120807486822026,0.03722367546488522,0.07906293338890669,0.015265686128395671,0.07186033697923015,0.19863009092964654,0.02902919777133655,0.06734547872486492,0.02563249139605244
20210131,0.07997240334684738,0.01623080940004526,0.03643041287065457,0.024135772373455957,0.030320644395415344,0.0316959665777024,0.02596031079117408,0.01968345739822049,0.10053817079637672,0.018109821010854583,0.07809881203181614,0.01828203037264141,0.036166769476388035,0.07935136786353683,0.015373312891842131,0.0714141274599642,0.1982217435370716,0.029274929145907992,0.0657322142918966,0.02500692396818839
20210201,0.07805498021626874,0.015997694921548997,0.03662987753742463,0.02463201309704077,0.029901327062228707,0.02974553262165245,0.02736526824380898,0.019887810197502808,0.0953624702580002,0.023590555664529615,0.07566997028589477,0.018523359387031733,0.035991780817398074,0.0789306656894858,0.014797586202928825,0.07451986301484725,0.19483327585373733,0.02838519894418544,0.068936839685052,0.028243930299432826
20210202,0.0763837525697121,0.016011271823258812,0.036795485398121386,0.024470859041699614,0.029882290926777463,0.02773599567760684,0.02716969495431556,0.02052033934058673,0.09653990105751456,0.023737776274570917,0.07533889287327827,0.018691106564700646,0.036021088761823326,0.07891291404913857,0.014839470946905341,0.07404004463572382,0.19645701731468349,0.02864392489873586,0.06944370992427695,0.028364462966569793
20210203,0.0764188224549411,0.01604640618114115,0.03690119312100605,0.02411957113971612,0.029748071518907418,0.0278711441674606,0.02711430891586445,0.02015999052285695,0.0955829774373451,0.023518423419098537,0.07630511363485927,0.019193099347081653,0.037109942381354837,0.07874946872465878,0.014819818581894462,0.07407931220277722,0.19543449245819675,0.02829592495069594,0.07031796259113761,0.028213956249005936
