日期,topic0,topic1,topic2,topic3,topic4,topic5,topic6,topic7,topic8,topic9,topic10,topic11,topic12,topic13,topic14,topic15,topic16,topic17,topic18,topic19
20210301,0.08724282792909578,0.01807327209891049,0.04695542362247015,0.02797232132677984,0.0365436917303442,0.02368848070690087,0.03068472733226305,0.02085733280654924,0.07938136498919059,0.04095296288333776,0.06326144217540479,0.022668507621312124,0.03670575267217345,0.08659321847328556,0.013922483235805022,0.06211482457791314,0.15863182083956676,0.03404743991163711,0.07431776104085275,0.0353843440262072
20210302,0.08698045967020641,0.018014170576245072,0.04687651984189108,0.028474288770481106,0.036580361664274204,0.02383505133335561,0.030282016977342882,0.021533288213843597,0.07961652023543069,0.04173556935291005,0.06338394696568174,0.0223856352094868,0.03600092848477165,0.08488529073722399,0.0140007775553845,0.061182175490206464,0.16116345819477207,0.03479515486485592,0.07466712718879755,0.033607258672838765
20210303,0.0880079861917061,0.01804864695931917,0.047075494939017415,0.02863771470956432,0.03654727335290472,0.023870401852095158,0.03149740659697167,0.0211999672577168,0.07985039460861118,0.041478721468310636,0.06413356406655213,0.022791342118514857,0.03594939115210837,0.0847292724882813,0.014314752475308713,0.061423792532473764,0.15963493850659716,0.03433002307096721,0.073546135057224,0.032932780595755266
20210304,0.08926481774895477,0.017963542424581987,0.04694100459934338,0.02819787965078642,0.036364809060344984,0.026996799435425375,0.0310679011286898,0.021458608533002226,0.0809455207541848,0.04133196636523572,0.06449308929866854,0.023009246728946064,0.03566996490464739,0.0842595293514735,0.014840965457647088,0.06082275845990868,0.1592849539875245,0.03460117871884881,0.06989353387645036,0.032591929515335336
20210305,0.0887976613014462,0.017757166700424553,0.04676502737542999,0.022827127833030047,0.03694472979668258,0.02617293866468615,0.030884534580757243,0.020768995548308796,0.08641826983779077,0.04093692864785813,0.06562425537891901,0.02286288209876444,0.035330430419668546,0.08335741492917298,0.014909466105231603,0.06238322898417448,0.15819508929499962,0.03430769757730575,0.07170909504383144,0.033047059881517606
20210306,0.09248311920071543,0.017969032957480043,0.04636816836076752,0.023552036477270253,0.037919280092489585,0.02610736391893295,0.02920992596049032,0.021486565816544203,0.09374757263061012,0.02912313148187065,0.07014128951580596,0.022352273278644974,0.03691848751334605,0.08157183396709401,0.014995251119037416,0.05990597538618781,0.15806458734802215,0.03429151739627713,0.07329133220093383,0.030501255377479605
20210307,0.09349926367819926,0.018088323214874674,0.04583646372452963,0.02681765001625219,0.037884606195434,0.02467079642117092,0.02899937959776612,0.021386340767799484,0.09321155913825732,0.026532942977248838,0.07034648277227297,0.022526672332722847,0.038190786081454674,0.08172454085115803,0.01531172889586189,0.0574731965730568,0.15887243955747452,0.03465606042370613,0.07407749268295677,0.029893274097802982
20210308,0.08826000749812822,0.017758939237174268,0.04662723322011201,0.027833687345435336,0.0367250173268898,0.0236289410218738,0.030663617166126582,0.021468662522929796,0.0810978213641767,0.04030026314817679,0.06531450789785563,0.022327333123674003,0.040034287897711414,0.08125339398526317,0.015087982307831656,0.05936308398685874,0.16300255058058316,0.033561692857336387,0.07280226357235077,0.03288871393951165
20210309,0.0888651100905466,0.01792475759647164,0.04725000497446683,0.02870923712390913,0.03720703727830887,0.021968834250756502,0.030825932742510675,0.02135278795446604,0.08040544130263381,0.04143229599982806,0.06489662719224074,0.022239443073788074,0.037140524354324925,0.08194492437288732,0.014655109175433154,0.060936944924344524,0.16283806415248558,0.0347751117765916,0.07177402180468126,0.03285778985932465
20210310,0.08933919893859389,0.017853308834198767,0.04691098884540757,0.028807501946190094,0.037507863180610335,0.022799762280174232,0.031113422214999912,0.021352645451644732,0.0801366397226771,0.04107787776379978,0.06482100849067655,0.022804719357031,0.037062346698396094,0.08245358491295543,0.014579110458049497,0.06126372548625773,0.16083150296056445,0.03410342088057161,0.07030498512647552,0.03487638645072578
20210311,0.08954345577020373,0.01790936711421169,0.04726098129145457,0.02932643200608989,0.037152806614562425,0.0219178662914671,0.03089020675116792,0.02151556845894553,0.08142818273270143,0.04141600959163888,0.06531418003270148,0.02294499930436416,0.03697519634629913,0.0819334563916672,0.014621967402511322,0.060841599917278125,0.1624998182463916,0.03406172548925527,0.07001184416954985,0.0324343360775386
20210312,0.08848691151022807,0.017826755673752026,0.0468672933395057,0.023549211120488703,0.03773424504718196,0.021301404341304432,0.03125120124509095,0.020735699757638015,0.08678065781372846,0.04092159656362408,0.06626738865841146,0.02274628454230228,0.03705614342827195,0.08056684933564506,0.014536354282789843,0.061669626528270564,0.16144265125165044,0.0342569432389182,0.07372031750473719,0.03228246481646067
20210313,0.09163818574527753,0.017883157283421432,0.045963557437598314,0.023660224090476696,0.03816761267578988,0.021821610502984142,0.02951329120847944,0.021188857400725,0.09292611212590997,0.028045598483392043,0.07014349622538872,0.02228784602944446,0.039133632333672286,0.0815823894777343,0.014826302693942231,0.0608035612704079,0.15971110111508532,0.034241901355530534,0.07683374788602387,0.029627814658715987
20210314,0.09237994319414476,0.01783641261828686,0.0459446229969554,0.027597623344265583,0.038240936139803096,0.020775210371563026,0.028624313401708238,0.02107712493035905,0.09158360288155336,0.026112868717684774,0.07040554645248556,0.022310912445615703,0.04288661995061903,0.08076724803136079,0.014988698711692032,0.057960371235559964,0.15852737544264978,0.03425131992488918,0.07881873275194996,0.0289105164568538
20210315,0.08855387063852672,0.0178399065031124,0.046902743153648285,0.02932021306000898,0.03694024904468577,0.02154579396200404,0.03077057528657678,0.02165172804186904,0.08004958693956397,0.04048673443608607,0.0637877724890902,0.02240018835246677,0.03910190602312165,0.08206103949508065,0.014777160066148518,0.06148574118546603,0.1606766848913927,0.034062612662977484,0.07278474547344375,0.03480074829473013
20210316,0.08864224626582327,0.017728239644389666,0.047379484957761335,0.02940826268718482,0.037167981606621964,0.020841357371681014,0.03099101320188712,0.021629668942705384,0.08010627049019498,0.040667768380429264,0.06528509625440441,0.02251007715181875,0.03778037470477124,0.08228956357035004,0.01511502902975763,0.06136683645389079,0.16123324815714155,0.03424435546164878,0.07195275564213252,0.03366037002540561
20210317,0.0890301076717448,0.01761635480929524,0.04723497830260159,0.02906095845132878,0.037489836274544885,0.021064521290587127,0.03128487467887328,0.02146182719091092,0.08095849389066605,0.04027808368723732,0.0653598215008149,0.02254025614902718,0.03796592133790128,0.08297096401265094,0.015064446870345015,0.060532880536852005,0.16174188608127218,0.03408002274060115,0.07243201050719399,0.031831754015551404
20210318,0.08873786277345475,0.017709696643832012,0.04742043306393982,0.028943040880781295,0.03749998389771365,0.02280068549730936,0.031410697683953,0.021577521497741947,0.08036488055830203,0.040135608343761495,0.06565718089532338,0.02279548678884836,0.037761218072238416,0.08194803408254406,0.01526858069607477,0.06104872599714744,0.16106157328467646,0.03422654898616665,0.07231534064456317,0.031316899711628064
20210319,0.08825345271286512,0.017660228966903425,0.047128579120599416,0.0234731641444972,0.037601673575448635,0.02167720512327322,0.031078558571341192,0.02091861600590917,0.08528506876007691,0.03978846069987613,0.0663945575802558,0.02239464755537609,0.03744964984101644,0.08315232558770984,0.015157826487606418,0.06135469382179665,0.16055577214705247,0.03408409627099999,0.07463743058660384,0.03195399244079213
20210320,0.09028394276732137,0.017349977342953668,0.04668128608118528,0.024069903885052802,0.03798689539872795,0.02155756571119444,0.02917054641686447,0.02125841375112587,0.0921554764444084,0.027437452998926786,0.07026025631566409,0.022100075420215345,0.038379510493201034,0.08321663037878528,0.015538274889521869,0.060024348933798585,0.16004662693967106,0.034478150846136736,0.07730151515065589,0.0307031498345891
20210321,0.09293864424965756,0.017283467775399526,0.04628814235616529,0.02806210514560524,0.038056255881974164,0.02624407974077033,0.028948941774580964,0.02141966880968161,0.091928357824303,0.0248282248166694,0.07024227284188295,0.02205269232182476,0.037921256816031236,0.08198497578433041,0.015961100068623175,0.057242586314323364,0.15863154449345468,0.03495616013930428,0.07588967882429275,0.029119844021125187
20210322,0.08931982776034962,0.017778424017566356,0.048122780129748174,0.029053465708941507,0.036871802711749065,0.024959036158321644,0.03113084898564528,0.02127756907490353,0.08004543055931154,0.03978380559249035,0.06472448124455824,0.022464090225325743,0.0365956975125697,0.08236439627385271,0.015564195321406444,0.059552110183738,0.1636177233270619,0.0347821754461303,0.07132963443637726,0.030662505329952613
20210323,0.08882678799401626,0.01770436111441789,0.04812744159299245,0.029109801080917624,0.0369727644874431,0.023588045763005192,0.031036768743106045,0.021801807646348804,0.08095675652215333,0.04047791153764319,0.06477832791178295,0.02268306973444724,0.036577737387556236,0.08220117859603766,0.015370328440496846,0.0601337323824882,0.16456913374257312,0.03512079457841527,0.06914128464131368,0.03082196610284485
20210324,0.08871588482181128,0.01766967600422523,0.04831245659102725,0.02909982683781045,0.037261337229951064,0.02271883823942925,0.031361794454435765,0.021446626557137163,0.08118077379286337,0.03984635234179098,0.06459747794551436,0.022704282595394646,0.037233213081068015,0.08316746828834284,0.015644183221635362,0.06007221792791712,0.16367146180778774,0.034862820217307924,0.06966826880609457,0.03076503923845568
20210325,0.0887089706856239,0.017681939086116143,0.04821770095975975,0.029015389842327807,0.03715313384483455,0.021887105630202262,0.031415108642991865,0.02153201273606644,0.08134959266780012,0.039605365847438366,0.0650224297162601,0.022461954506895303,0.037340121013737015,0.08349577421347408,0.015421129663298084,0.06040759837694644,0.1614005114123339,0.03437394058083594,0.07055135103126972,0.032958869541788144
20210326,0.0875286683109158,0.017483617495944258,0.04820384706953189,0.023928226598336117,0.03758362123997964,0.022042420625167067,0.031203112568827376,0.020631817036097042,0.08545249266870864,0.03974425275401092,0.06619423494152514,0.02250648187357954,0.037126257902551515,0.08317232777272666,0.01538008695820115,0.06130535812918285,0.160368790671229,0.03542944462994674,0.07295400253916323,0.031760938214375506
20210327,0.08991587629489091,0.01735062665981021,0.047097326209626256,0.024566194392798557,0.038057587515747913,0.021326751512393084,0.02999712006403733,0.02122781256136947,0.0929626509326329,0.027614570509399604,0.06911536698162637,0.022194287501942373,0.038763710276604066,0.08280761662132019,0.015529244136129085,0.060524373499100816,0.1584038213606726,0.0355345234196903,0.07751998731443288,0.029490552235775024
20210328,0.09310963783892627,0.01747414601484686,0.046863285530340575,0.02714283085998189,0.038500752739478485,0.021026017405019224,0.028880701383992274,0.02109166084615903,0.09188822027763976,0.02543311695737074,0.06920908174247818,0.022311214522642724,0.039591899130382135,0.08280979619943236,0.01572111617414759,0.05780543849283105,0.1576472444202908,0.035476665878384314,0.07864459019741908,0.029372583388236687
20210329,0.08884878979033102,0.01796894962515994,0.0485339160721398,0.028887250980437863,0.03698352956224447,0.02343911264286497,0.03161832104520272,0.021671008292085958,0.08129468705387924,0.039224393898541536,0.06461315279897105,0.02293623617903012,0.03791294500275563,0.08218055721459863,0.015463771267179932,0.06092114340046175,0.15960918756463616,0.035439429991667,0.0717435421457955,0.030710075472016905
20210330,0.08840658964485297,0.01763851797205664,0.0484524387029202,0.029047190159438595,0.037000107977934765,0.0221575256175166,0.03153029059867113,0.02191492597717636,0.08160060114503889,0.039674365170686884,0.0647822336221412,0.023005785681588748,0.0379021776746505,0.08207557991031808,0.015524419117569882,0.06042110975775875,0.16187140929436805,0.035686196883722245,0.07080425665493169,0.030504278436657883
20210331,0.08721199346634757,0.017589010998528946,0.04888625719576293,0.029062931912635082,0.03708034198518617,0.021993057210376827,0.031540115979494694,0.02197543008967294,0.08155512616265759,0.039197237453026036,0.06438264953175499,0.02253756866346264,0.038145253757141034,0.0824505489103142,0.014972385171651382,0.061001282236718565,0.1604334912649307,0.03498683890704541,0.07253798742084902,0.03246049168244335
20210401,0.08520560130393318,0.01735209583146349,0.049319255999441945,0.0286889417829604,0.03672028951416378,0.021129356492887105,0.032134944942325355,0.02164595532816918,0.08001347286181795,0.03919220964246303,0.06440975991158239,0.022202610540670676,0.037814480593919904,0.0842348023449743,0.015237818049299762,0.06051573510430944,0.16011884975023066,0.03460107665852855,0.07544745340190613,0.03401528994495276
20210402,0.08427714684938642,0.017033867489345027,0.04922343366830554,0.023160760508959592,0.03731086421366811,0.020809237774980883,0.03116256144265119,0.020746606955483263,0.08540494302617205,0.03879727884540243,0.06458127794994087,0.02199394574841031,0.03696540608810975,0.08073653933348678,0.015236069645938056,0.05945147517987865,0.15704553938438182,0.033861113719468275,0.08935864318179533,0.03284328899423568
20210403,0.08546983087485488,0.01683904778499177,0.047904960929370105,0.02288417716475298,0.037906346937985225,0.02047738095607448,0.02750687623657289,0.02137803701092796,0.09354143455790416,0.02648462799139013,0.06847744466246346,0.02094508028748233,0.038742356476409064,0.07930302913856392,0.015123729820684176,0.05773128754867399,0.1553330034698681,0.033415174031498,0.1006047246693897,0.029931449450142738
20210404,0.08799758794526312,0.01729923236397275,0.046313473570035284,0.022954361290748043,0.03822378566334026,0.022252693725555897,0.02604402764369355,0.021226780206952008,0.09695190545134873,0.02355341064348218,0.06980696276524255,0.0213077781389838,0.040560940021813895,0.07901719482093768,0.015487779592756316,0.05554657404463381,0.1575460452532742,0.0345539235539065,0.09479447707495453,0.028561066229105002
20210405,0.08808600472369317,0.0174673836186883,0.04818043905643752,0.027002751812567415,0.037956714939085416,0.022957740129374092,0.02771552199615704,0.02210323587473558,0.09023945094872386,0.026089376729120137,0.06733106245036308,0.02102803358555676,0.037654825076347986,0.08129166326583674,0.015509654287581612,0.056760163682672775,0.15600129642600224,0.034645275121907015,0.09242388079967473,0.029555525475474482
20210406,0.08551426442666459,0.01748323162831836,0.04900576734015525,0.028866327403382925,0.037252093583906284,0.02162407857588532,0.03127720008535356,0.021873676397595708,0.0788849038551894,0.039085225842978494,0.06379845681383498,0.02173971455934416,0.03705887105547247,0.08289770453847334,0.015065143513412418,0.058865508465883225,0.1621158792809246,0.03545073615644364,0.07994336158659124,0.032197854890189836
20210407,0.08683475688393939,0.0175593437752399,0.0479320348404049,0.0288957971687195,0.03714688380912952,0.023763730699683204,0.03174497821542745,0.02206849264131457,0.08060251609604525,0.03971442414380435,0.0644889785731402,0.021695917484242815,0.03735707177240678,0.08295083238978708,0.015024791161987131,0.05910209364727882,0.16222774039399024,0.03491959618795284,0.07383181857244693,0.032138201543059214
20210408,0.08664402294006332,0.017462893057443973,0.048071248984702816,0.02861305080408655,0.03701981818935063,0.02530616657230329,0.032172146742847574,0.02189749180394629,0.0830443541420728,0.039468837733305916,0.06414294004277837,0.02182845584580984,0.03738737603610825,0.08313946992654216,0.015089899007454359,0.05958607067381048,0.16024553438286968,0.03465939560100382,0.07161958296905926,0.032601244544440355
20210409,0.0864599321233393,0.017418959663614942,0.04746367624529632,0.024164758438718747,0.03715262645682649,0.026432343925743597,0.03207063133348087,0.020668501269936208,0.08766141888698332,0.039206198499527466,0.06577390592818033,0.021685174553667426,0.035866350950564105,0.08243247858104773,0.015403073556117213,0.060797126087078074,0.15923721549243516,0.03471034057575592,0.0716831616588764,0.03371212577281053
20210410,0.08854527873036329,0.017525776287161298,0.04713699129799432,0.024269628205934143,0.03828927521015419,0.02197582187916621,0.030178183192187825,0.02139014448245356,0.0937658795869112,0.02756849159470205,0.06909779035778492,0.02128147833673021,0.03826365207340288,0.08171703497067659,0.01594733982087746,0.05978742591683504,0.16057413142478352,0.03501096401141526,0.07607158043168538,0.03160313218878056
20210411,0.0905705345594474,0.017515863950632257,0.046885597449344785,0.027847271555347008,0.03809779699364945,0.02131641492604059,0.029960370209911668,0.02152469647453049,0.0930203756119162,0.02560092866863584,0.06959074937406505,0.02137126793061377,0.039069058625216466,0.08258303817995215,0.01594097499108254,0.056558121571875,0.16099336878851547,0.03533707983689255,0.07666652180423131,0.02954996849810012
20210412,0.08721981444765288,0.017669251472841745,0.0479840274831002,0.028993618731237587,0.037397165148281585,0.021214310039577054,0.0318373030638361,0.021741421977733703,0.08168120272175547,0.03976846311548416,0.06425569506692479,0.021733848138038185,0.038516992447746236,0.0826121192291955,0.015392360739287653,0.05944669363940984,0.16296202898865705,0.03541451944824602,0.07218593959078007,0.031973224510214004
20210413,0.08538023959104889,0.01793157274538669,0.04834698507965269,0.02914715221766822,0.03704058352742167,0.021296915070644448,0.032612078363110884,0.02195208425251604,0.08197905493430002,0.03984843253523777,0.06503979470777572,0.022041187346955926,0.037487539505603004,0.08114184113593194,0.015482207262326684,0.06005527459980085,0.16339299734760213,0.0352565603266522,0.0725985591234021,0.03196894032696213
20210414,0.08540292552297893,0.017423021220259537,0.048259208174565534,0.02910573755710578,0.03717862924979744,0.02347650731185721,0.03194860223120763,0.02209269840785564,0.08232649962323234,0.03984875744769492,0.06402827824519366,0.02203534412987409,0.03765242504806149,0.0840277213428208,0.015582386226285903,0.06018146616047373,0.16159208830876928,0.0350992799440886,0.07113133202281577,0.03160709182506165
20210415,0.08619322862030389,0.017506095153165497,0.0480727538779419,0.029053413656662006,0.036490327594601586,0.026868623310787796,0.03166971749264959,0.0216445351368383,0.08147164729550427,0.03926337752168183,0.0650070097937664,0.021656322372192286,0.037205325763233404,0.08321490169085383,0.01604470410446536,0.06071455623895083,0.15736817838939224,0.03477769390438221,0.07022246281358692,0.03555512526903985
20210416,0.08587845563711775,0.017414403200282442,0.049350462535691295,0.023972326140951784,0.03726921562563229,0.025377659733097083,0.031712244456861965,0.02104322738074855,0.08480114382940042,0.039208594065957315,0.06637226898474917,0.021188114210420828,0.037242719760331486,0.0826393126802131,0.01574417252812783,0.060661782247278986,0.16005569252054655,0.03493144986440279,0.07200055200636991,0.03313620259181852
20210417,0.08910329997900343,0.017377234556551022,0.04838284698073368,0.025310054149308252,0.03778897808983317,0.02679763565402677,0.029548443328930262,0.021673903667866444,0.09287276083716392,0.02748123755102974,0.06990975346569067,0.020896383600291637,0.03803754928703292,0.08250325472002762,0.016482799059234256,0.05999696204358253,0.15786086319704234,0.03541988805922769,0.07309496429319652,0.029461187480227132
20210418,0.08996201837760602,0.017326722480162864,0.04838269704506381,0.02830269369198373,0.03841801505801296,0.02401153204875415,0.029860540078484814,0.02148487932073882,0.09166448523894163,0.025369190072074,0.0698104185653387,0.021279308770977636,0.03932819853830094,0.08173004840102564,0.016805920553107177,0.056076650008913216,0.15987370509377874,0.03535637827779406,0.07593468161542274,0.02902191676351833
20210419,0.0869500284945407,0.01772331161876213,0.049478130445036184,0.029432771077652718,0.03730435059610224,0.024082184639664377,0.03171742744918332,0.022184775210393463,0.0798751670283136,0.03975462284567822,0.06511963172885363,0.02154260832021871,0.038417785674390886,0.08254067559243687,0.015723937662382968,0.05922117578837768,0.16103584934221946,0.03497398845088972,0.07126936120372494,0.03165221683117818
20210420,0.08527676308860882,0.017545924369530588,0.049696325310088704,0.029295796830556636,0.03715326096871252,0.022901003516395003,0.03212049488993604,0.021994357186456717,0.08037311134551325,0.0403432404215724,0.06441527535153123,0.0221664912967722,0.03773281154889198,0.08252748884136815,0.015680143666995112,0.059408999094291426,0.1622826013797885,0.03472584294860442,0.07051173855968437,0.03384832938470195
20210421,0.08573510882612552,0.01767596997021218,0.0502240270762924,0.029335113124164057,0.037270158546097984,0.02143348956501744,0.03229613046595766,0.02205976102021309,0.08114239310724249,0.04002350070328231,0.06491039954652876,0.02170847019248431,0.03770216821069701,0.08342405086577523,0.015704050468689345,0.05980490832094192,0.1625706229941332,0.03463964224257997,0.07053945229023305,0.03180058246333213
20210422,0.08600616942731698,0.017659060269872254,0.05008658094921774,0.02960281394700553,0.03714943037005753,0.021096715709107497,0.03193706832449407,0.021985211505315617,0.08125626334905496,0.0398599409626392,0.06532266225201712,0.021701506713939396,0.03793741510314887,0.08349692367376803,0.015715054738533938,0.05974510100249104,0.16317806054168768,0.03471303683034717,0.0701591955042798,0.03139178882570561
20210423,0.08537585404573945,0.01744856863755585,0.049399183674777684,0.024770563447888912,0.037301068592079774,0.02180559272530517,0.031558173605284484,0.02082310680033611,0.08433849953570695,0.03956613444220977,0.06745819398962252,0.02163808567719696,0.03795200713197943,0.08272092116918846,0.01593756041161391,0.0605728804821049,0.16247511817766766,0.03529937405289877,0.07219207008934002,0.03136704331150313
20210424,0.08794427137114058,0.017304224433066513,0.04888474333574234,0.02953200044350446,0.037766436341723546,0.022883527726908885,0.03006112820588743,0.02187435404307486,0.0891745328463946,0.027565238533306963,0.06953556717123406,0.021264232708825496,0.0399131462295904,0.08196302253390524,0.016313464429127227,0.05831822672938525,0.1615364763065402,0.03501354896660324,0.0741289149740814,0.029022942669957363
20210425,0.08886783689151864,0.01757088322968459,0.04952467223819744,0.02951009035216185,0.037099106358082175,0.02574504633174507,0.03102989889238897,0.0218885987510319,0.08214832453406483,0.028801283553523998,0.06847672254580679,0.021564988679896903,0.03915138294573931,0.08301227632095237,0.016008829310802258,0.057963783340527715,0.16317581869777562,0.035500330002701336,0.07225274994465605,0.030707377078741983
20210426,0.08558483902106577,0.017563227248935012,0.049852791004777394,0.027926608916829604,0.03673514154770397,0.025942839013131103,0.03166289819930152,0.0218650989982835,0.08039560138188072,0.03960480741273866,0.06624051528982762,0.02167449104999826,0.03779320924988069,0.08449882071716698,0.015701386285962356,0.05959203999119639,0.16063439594207213,0.03484656239232605,0.07023501525518734,0.031649711081734914
20210427,0.08755917064672641,0.01761443346900997,0.049992330231220565,0.026902196910226026,0.03658682595881239,0.027003750833225586,0.03169122983178231,0.02154518788020343,0.08206694502366302,0.03943599243035803,0.06570324751571216,0.02127859558224385,0.036976277904802415,0.08485569032117249,0.016174606763797474,0.06092617495528203,0.15924877853667693,0.0356927025140072,0.06769171216150799,0.03105415052956991
20210428,0.08638756880139442,0.01756469780175215,0.05054373769720435,0.027337912636684024,0.03624181902203952,0.026556654474409167,0.03140914462116592,0.021298303160031846,0.0822443467846108,0.039457206578101235,0.06647163795240085,0.021502737830430302,0.03674449091741439,0.08382573314956893,0.015915960562420558,0.06047583775206861,0.15979515722768067,0.03434176481436791,0.06944989613437963,0.03243539208187463
20210429,0.0845849347657549,0.017248078584399914,0.051260011125930406,0.027045946971683246,0.03674048817616278,0.0243473231392032,0.03197079229589999,0.021355040269235855,0.08220963343847207,0.039461478177074384,0.06564071367907813,0.02083651536692741,0.03715396344525891,0.0830324359377515,0.01577554400132469,0.05970629059865805,0.16262938349947392,0.034686190314638425,0.07310074411493685,0.031214492098135375
20210430,0.08079568207892378,0.01691312600217339,0.05150967117494083,0.022446553403241167,0.0369232202810188,0.0208149445347106,0.03088979994444432,0.020267036602854237,0.08475500939067078,0.03846477341813159,0.06637750480937313,0.020576239946957755,0.03749335853354466,0.08076884742492844,0.015607038788506509,0.0599620949331588,0.15784579957489067,0.03405675808677114,0.0902376311756708,0.033294909895088584
20210501,0.08116580851211964,0.016480793409344864,0.049146877765540574,0.02054316638844576,0.037801965048736126,0.02023497544065354,0.02607778515714594,0.020770738701823242,0.09166864312665876,0.02508790375729104,0.07010319338404666,0.019490220570757718,0.042489134254201234,0.08071773541136562,0.01600827940492214,0.056336005525632574,0.15108812743089345,0.031707530077868945,0.1114334695553201,0.031647647077232006
20210502,0.0861801686371102,0.016844680065770112,0.049342905967559365,0.0214503719010169,0.03761304520442711,0.024227295705227227,0.02574130486237252,0.02093064573025496,0.09360681394376748,0.023288448884347574,0.07228670681135313,0.020124807288565468,0.04109349415967917,0.08206695426631899,0.016111738431480494,0.056630902078573075,0.15580270444644018,0.033245126114918595,0.09423597993154964,0.029175905569267763
20210503,0.08703035637244365,0.0171250591560896,0.049315385481527134,0.02212238708113558,0.0382232574521433,0.026713835111780715,0.02651657661874177,0.020926715187424717,0.09257751164696354,0.02424204688811873,0.0718614605955417,0.020775535631448697,0.03940851281681212,0.0830418587330344,0.016327793111857888,0.057393287706433226,0.1587580788583761,0.03419219182827632,0.08396743217864655,0.02948071754320432
20210504,0.08610563534352274,0.01705249804164453,0.04993107380587347,0.023044936243084683,0.03799153420193967,0.026322948943250674,0.027513617061788308,0.020982747002791437,0.09148789517900363,0.02491130894760066,0.07055847802909303,0.02140683013292748,0.038701921833491366,0.08357934073338083,0.016366926301318432,0.058342086768760223,0.16037052685619882,0.0348807424463851,0.08133168348234958,0.029117268645595263
20210505,0.0859345515073852,0.017263645327591597,0.04908905204319213,0.026473693180805124,0.03766112448678994,0.024331085552449498,0.029003493487708663,0.02110814414778708,0.08935250358229054,0.0261886851328625,0.06913664667453494,0.021650537688750658,0.03866519760151845,0.08362381899573525,0.01637229622109714,0.05819646500624759,0.1627920808163686,0.03479485886548366,0.07882194389655342,0.029540175784847918
20210506,0.08429758502886539,0.01761998620751254,0.04881740881669792,0.02790603418922525,0.03682858882356297,0.022933777598022974,0.031793297186512234,0.021441057826114145,0.07994445738340718,0.039819117566577474,0.0658359455765334,0.021759362177740136,0.03787448163770623,0.08307239433372586,0.016232862755036298,0.05961754690359411,0.16474121661468996,0.03473381334240948,0.07227782598392203,0.03245324004814437
20210507,0.0845976486486738,0.017375366671378317,0.0483766749625659,0.02785728207628093,0.03681844577993286,0.02089981215717011,0.031791998744411736,0.021474702344645796,0.08042656026056398,0.04036220774137764,0.06632977957297079,0.022132561532531632,0.037415356795450376,0.08366245849799109,0.01616700378130085,0.061111003626197466,0.1641879057287424,0.03472281911511778,0.07197488390580929,0.03231552805688715
20210508,0.08661400028088581,0.017229212054867337,0.0478867732211112,0.02365658905508653,0.03754231200331453,0.021192882343033462,0.0318244332910549,0.02077762505422607,0.0847128424500289,0.03147993463743538,0.06888045365518708,0.02211440712374671,0.03954213390972426,0.08311774503794599,0.016489854676354408,0.061464411780766184,0.16446755157205326,0.0349852213215058,0.07357226030031135,0.03244935623136085
20210509,0.08677027939061059,0.01717296816127275,0.045979660439635285,0.02722621825640428,0.0375417632394933,0.022182961087838786,0.029341658855650713,0.022102681947332496,0.09089903035207032,0.025390725637458263,0.07101245009419169,0.021626287557895942,0.0417480506610825,0.0814281066860572,0.016422888621015642,0.058404305738560786,0.16329368533801558,0.03424761281331125,0.07642110921138648,0.030787555910716132
20210510,0.08425720159924381,0.017152876873070492,0.04748258297575391,0.028612540032379837,0.03676270084483855,0.02301063107678244,0.03244087259429161,0.021980632604216444,0.07855732186419206,0.03982650663036665,0.0652388437530796,0.02174456053393652,0.03829717611712751,0.08289288156323345,0.016303042551980288,0.060042716371839173,0.16451611667073118,0.03415841905768492,0.07225480149275254,0.034467574792499116
20210511,0.0848581977631536,0.01745556497722906,0.0472681364355945,0.028355667488569512,0.03647994106040898,0.02327809360931738,0.031807800510602294,0.02216486013301136,0.07952050038791021,0.040080458693680036,0.06619731780569553,0.02153973437617393,0.03770272831081162,0.08350702902678506,0.01614842094010249,0.06078748936829585,0.16429208616874094,0.03469200520243087,0.07142128738064966,0.03244268036083724
20210512,0.08452001752911407,0.017273378446208756,0.047649982680705964,0.028848120166364618,0.03690908768292768,0.023249090340525882,0.03167271014130229,0.022004979103286703,0.07928148657752257,0.04013412994352642,0.06540756059089166,0.0218287238963837,0.037929450928616736,0.0837090521964488,0.01629111341504534,0.060439433444305565,0.16457276697081394,0.034557816128294304,0.07186178894042884,0.031859310877286176
20210513,0.08369203234970367,0.017262755161845375,0.047621436508351336,0.02877338309106895,0.03630409376898085,0.02511486972804238,0.03167657679876351,0.022005869807553317,0.08008350947045788,0.03979999060859941,0.06726167896176201,0.02160037469027921,0.03769679926453034,0.0834148812800309,0.016268657889607355,0.06113806186935829,0.16332660712367733,0.03413189655742015,0.07175833704143968,0.031068188028528117
20210514,0.08305186242880128,0.017031517656718797,0.04733760579987773,0.02403489073727156,0.036644683127347484,0.02382396438335464,0.031639949753238826,0.021125834042732945,0.08354820625413731,0.040202994286801436,0.06672526025496585,0.02112944391118666,0.036974217798704224,0.08247724832665265,0.016466854466613196,0.0624416643366457,0.16376661519740462,0.03464954860759837,0.07361637807831696,0.033311260551629716
20210515,0.08592571262560422,0.016943721610921655,0.046725414355818465,0.024140396419925,0.03729135405721075,0.02185824733399038,0.03021919159303675,0.021510498060579163,0.0901082225778706,0.02779472397034971,0.07120543507760937,0.021020648422593373,0.03868513420462834,0.08300838762513575,0.016767045347126402,0.06188055692831323,0.16144469318212235,0.03470986743913348,0.07651402857980501,0.032246720588225995
20210516,0.0867942423190444,0.017473539689464912,0.046163154483223605,0.02821111550471002,0.0379844071068984,0.022307738797190085,0.029499125739803636,0.02158770607587503,0.08863151136323884,0.025943241569916474,0.07144204483186993,0.020876914247388745,0.038588191658440005,0.08262110482760338,0.017114447691756084,0.059262860170395365,0.16253837088308312,0.034725145243874725,0.07816876994247167,0.030066367853751837
20210517,0.08374760508152543,0.017355489967965473,0.04745836836629232,0.02952711363272415,0.03679941480702397,0.023031123974967187,0.03204592763640116,0.021989944696461903,0.07792493978867801,0.03974378295091658,0.06647177725537648,0.0213401251840138,0.037796818721311784,0.08292545520164657,0.01665838558131605,0.0613080878982472,0.16461187666425256,0.03416856290798232,0.07289843397324104,0.032196765709656086
20210518,0.08244674663919943,0.017461417136879192,0.04736361752187953,0.028960114788569326,0.036460575792861265,0.02339443877069024,0.03149665817770245,0.022073894500050317,0.07867470448374901,0.04020046810559096,0.06742093867191773,0.021466704137689228,0.037671373028053186,0.08329299404170137,0.01665921847639535,0.0616114250710122,0.1644712803900944,0.03433303542371608,0.07211575491417442,0.032424639928074275
20210519,0.08296947653294258,0.017193721895702292,0.047622036733763785,0.02897620951289725,0.036923809372920134,0.022464006116336283,0.031564957288876816,0.021956041205260155,0.07951181475791375,0.039700470512062894,0.06783694866450392,0.0214839781792723,0.037736673087727914,0.08347249158831804,0.01654570214030544,0.060504315555068175,0.16461631831665302,0.033943470246739015,0.07278855484890209,0.03218900344383429
20210520,0.08177340158942842,0.016837445738191653,0.047577311717020704,0.027921675502559352,0.036692209711382484,0.02183869009270427,0.0314100249989602,0.02174899549849504,0.07861951623612685,0.03943424805140428,0.06928004031284997,0.02087663922605405,0.03992522719644448,0.08335221125024334,0.016639812888877302,0.06067195161637836,0.16381788029192348,0.033524396515300606,0.0740218342936521,0.034036487272003084
20210521,0.08249139313125414,0.01715197670014267,0.047289050879025164,0.023865400936751928,0.036995423069075016,0.022054342131972108,0.03182066121785486,0.020827492802023083,0.08266558029492929,0.03990925081540322,0.06927257854243356,0.02092820653157616,0.03784387855293983,0.08319688873683173,0.0172348251171421,0.06184885059413089,0.16463026130287695,0.03360649065807916,0.07407512571250152,0.03229232227305663
20210522,0.08611856638206263,0.017038427932084585,0.04637224039846142,0.024337569689098882,0.03755085628765404,0.021735729344104938,0.030367982967313332,0.021334085763701997,0.08867175283622625,0.02709710984209453,0.07377102731375618,0.0207145579973322,0.03880473888090928,0.08481321242532218,0.01732069605373689,0.0599896295043783,0.16344290676753795,0.03479450152944572,0.07675567153608226,0.028968736548696382
20210523,0.08780746405566693,0.01700949213485651,0.046105995986711716,0.027760419196639168,0.037836665155462544,0.022130096125781047,0.029806861138789324,0.021854998103363884,0.08948660942291381,0.02544264201271489,0.07297810474521964,0.020720055249578238,0.038562000857134536,0.08471484401739507,0.017849882600177176,0.058386500780180685,0.16326949275311106,0.0343989357046651,0.07559133350205463,0.028287606457584283
20210524,0.08480247008431853,0.017257648800100802,0.04706947165014196,0.028835564116366813,0.03649829556008205,0.024188028013810627,0.03271810011548998,0.02204964619146856,0.07871818162135917,0.03999862392428865,0.0671421244264145,0.021221790575649283,0.03718386529159706,0.08428446948412109,0.016984169263331374,0.0607829538276793,0.1628772017588394,0.03419813030744818,0.07238254452552116,0.03080672046197145
20210525,0.08403738753331333,0.0173371724689657,0.04747679688296072,0.028925916027119383,0.036205895045636434,0.024810853686721673,0.03235730854530843,0.022218280443495008,0.07814684305559601,0.04076362090799671,0.06625311230851286,0.02137515114312814,0.037273400523867684,0.08428570176185912,0.01705490406052381,0.059999227703962536,0.16207963556858335,0.033868534720761616,0.07288775727450622,0.032642500337181385
20210526,0.08432035393621619,0.017096768098519916,0.0472829825909358,0.029026318420998776,0.03653087048535729,0.023629274970162758,0.031936663000008386,0.021991060956396708,0.07949498608127306,0.04086267365665488,0.06638571153102851,0.0210298592705652,0.03798649234423357,0.0844621753885841,0.017101802611987026,0.060227247506819015,0.16357792610125607,0.03356197917850882,0.07158873312115532,0.03190612074933856
20210527,0.08367012052878373,0.017269603649191417,0.04747017336931103,0.028794348943831937,0.03655926249261506,0.02190327477719024,0.032372773720270115,0.021895929477309325,0.07879084755267501,0.04088436101191623,0.06718167128273393,0.02099288182269515,0.03980266897208309,0.0836451299917644,0.016768511799109858,0.0603891322513245,0.16438602991856105,0.0339011733459785,0.0720477859676368,0.031274319125018504
20210528,0.08315064735702167,0.01697042954304212,0.04758784579476381,0.023838109833695786,0.036562460709298535,0.022345754441930217,0.03193107021140072,0.02093675447465933,0.08247573993027049,0.040388939411370776,0.06817606434075582,0.02116599083664977,0.03797031169219483,0.08327160865655059,0.01671008710788208,0.06220213267627867,0.16495822183951694,0.03420661925548787,0.07319464021086551,0.03195657167636449
20210529,0.08677150745504611,0.016794477909957275,0.04613554734335861,0.0246481483985265,0.037383292145149606,0.02291650497975638,0.030221331254010917,0.021862458377410597,0.0898748762838749,0.02775823458359533,0.07104479973957442,0.020571789296990568,0.039104641950351834,0.08308362513602634,0.01749125501323086,0.06219819680183459,0.16319224634473184,0.03439319914854914,0.0762620506324749,0.028291817205549286
20210530,0.08820694409854916,0.016973637189409897,0.04610859586809173,0.02787665203365438,0.037385924841508274,0.022438756248854996,0.029180842198987037,0.02169483505760799,0.08982435001247548,0.026048113952257344,0.07165863707332842,0.02088073126616391,0.03855924641905388,0.08375988459962236,0.017357393048196564,0.05937876924238799,0.1638022754047941,0.034387940759077466,0.07647223236369126,0.02800423832228784
20210531,0.08357817776072783,0.0166333344488233,0.046991251832635965,0.02596215547469263,0.03621131878616947,0.024506463291711654,0.03228540359002187,0.0209772177002305,0.07922719079888257,0.040282272139424674,0.06658373349116901,0.020599766818039003,0.03805383350481943,0.08354099451726749,0.016941430618751883,0.06252400577980914,0.1649567423993968,0.033822921001725084,0.07432815708881804,0.03199362895688354
20210601,0.08387502634484917,0.016323409358646006,0.045523903398598506,0.021902399757451358,0.03583240083821609,0.02988809285516988,0.0300608609198554,0.020798397012920286,0.08480642412809176,0.039653816690686364,0.07103162992787725,0.020456384317971782,0.03858926960893752,0.08447494592357435,0.016407696967814425,0.06505346796418933,0.15871132554552775,0.03272437642660505,0.07099082369170379,0.032895348321313814
20210602,0.08482843844130533,0.01679514407838008,0.047151442809608944,0.02719246744308237,0.03543608219866392,0.02701937563351332,0.03175865667772393,0.02181038891967564,0.0773569033051637,0.04076615022001452,0.06652159921680552,0.02076593104317777,0.037100049399103184,0.08488611146332402,0.016935528913602886,0.06147323824909669,0.16476200353858972,0.033848047311826585,0.07068103449507372,0.03291140664226814
20210603,0.08487058410326183,0.016738296367666522,0.04712360562952656,0.028491818662644088,0.035904957415701,0.024443435288486675,0.03206506922006533,0.02211196479863084,0.07722584946812741,0.040946270065273516,0.0662644519817321,0.020537982863984103,0.03682430589026422,0.08453126998102717,0.01688063172946181,0.06147879574746928,0.16517488281096793,0.033631166198348536,0.07242670807940033,0.0323279536979608
20210604,0.08498163295002492,0.016718946752009512,0.0467634861543983,0.023564058092881014,0.036168427647990664,0.026382264706191264,0.03178506119978329,0.021324197055620518,0.08182992557172361,0.04040496017236125,0.06692500987899216,0.020410009296367132,0.036445787306919636,0.08345398503387892,0.017122424457956267,0.062211109169298374,0.16514400876207208,0.033405110486503735,0.07301103775571624,0.03194855754931104
